c  ---------------------------------------------------------
c                    SOURCE SPECIFICATIONS
c  ---------------------------------------------------------
SDEF POS=-15.25 0 0 AXS=1 0 0 EXT=0 VEC=1 0 0 ERG=D3 DIR=FERG=D5 RAD=D6 PAR=1
SI6   0  1.27
SP6 -21  1
SI3 H   0.00000e+00  1.00000e-11  1.50000e-08  3.00000e-08 
        5.00000e-08  8.00000e-08  1.00000e-07  1.40000e-07 
        1.80000e-07  2.50000e-07  3.20000e-07  4.00000e-07 
        6.25000e-07  8.50000e-07  9.50000e-07  9.72000e-07 
        1.02000e-06  1.09700e-06  1.15000e-06  1.30000e-06 
        2.10000e-06  2.60000e-06  3.30000e-06  4.00000e-06 
        9.87700e-06  1.59680e-05  4.80520e-05  1.48729e-04 
        9.11800e-03  4.08500e-02  5.00000e-01  1.35300e+00 
        3.67900e+00  1.00000e+01
SP3 D   0.00000e+00  0.00000e+00  1.99415e-08  4.16635e-08 
        6.16610e-08  7.05267e-08  3.14131e-08  3.60783e-08 
        1.81644e-08  2.02320e-08  1.25026e-08  1.13994e-08 
        2.54739e-08  1.76648e-08  6.84520e-09  1.09201e-09 
        2.58697e-09  4.16026e-09  2.36853e-09  7.25796e-09 
        2.89857e-08  1.40500e-08  1.54693e-08  1.36504e-08 
        6.75754e-08  4.15053e-08  1.14351e-07  1.43225e-07 
        6.91565e-07  3.17102e-07  1.02047e-06  1.00355e-06 
        1.26426e-06  5.80428e-07
DS5  S  100  100  101  102  103  104
        105  106  107  108  109
        110  111  112  113  114
        115  116  117  118  119
        120  121  122  123  124
        125  126  127  128  129
        130  131
SI100  H  -1.00000e+00 6.12323e-17 1.73648e-01 3.42020e-01
           5.00000e-01 6.42788e-01 7.66044e-01 8.66025e-01
           9.39693e-01 9.84808e-01 9.87688e-01 9.90268e-01
           9.92546e-01 9.94522e-01 9.96195e-01 9.97564e-01
           9.98630e-01 9.99391e-01 9.99848e-01 1.00000e+00
SP100  D   0.000000000 0.00000e+00 0.00000e+00 0.00000e+00 
           0.00000e+00 0.00000e+00 0.00000e+00 0.00000e+00
           0.00000e+00 0.00000e+00 0.00000e+00 0.00000e+00
           0.00000e+00 0.00000e+00 0.00000e+00 0.00000e+00
           0.00000e+00 0.00000e+00 0.00000e+00 1.00000e+00
SI101  H  -1.00000e+00 6.12323e-17 1.73648e-01 3.42020e-01
           5.00000e-01 6.42788e-01 7.66044e-01 8.66025e-01
           9.39693e-01 9.84808e-01 9.87688e-01 9.90268e-01
           9.92546e-01 9.94522e-01 9.96195e-01 9.97564e-01
           9.98630e-01 9.99391e-01 9.99848e-01 1.00000e+00
SP101  D   0.000000000 1.65876e-11 1.20597e-12 4.53420e-12 
           8.09378e-12 1.27009e-11 1.73135e-11 2.43055e-11
           2.84383e-11 3.38146e-11 2.24458e-12 2.76101e-12
           1.06724e-12 4.30978e-13 2.96093e-13 1.74272e-11
           1.63769e-09 6.11141e-09 7.88854e-09 4.13261e-09
SI102  H  -1.00000e+00 6.12323e-17 1.73648e-01 3.42020e-01
           5.00000e-01 6.42788e-01 7.66044e-01 8.66025e-01
           9.39693e-01 9.84808e-01 9.87688e-01 9.90268e-01
           9.92546e-01 9.94522e-01 9.96195e-01 9.97564e-01
           9.98630e-01 9.99391e-01 9.99848e-01 1.00000e+00
SP102  D   0.000000000 2.08966e-11 2.20971e-12 5.97727e-12 
           1.44563e-11 2.18457e-11 2.98680e-11 4.33054e-11
           4.43959e-11 5.05675e-11 7.59850e-12 1.28198e-11
           4.36949e-12 3.33389e-11 7.65881e-12 2.56186e-12
           5.24150e-09 1.20498e-08 1.65583e-08 7.51212e-09
SI103  H  -1.00000e+00 6.12323e-17 1.73648e-01 3.42020e-01
           5.00000e-01 6.42788e-01 7.66044e-01 8.66025e-01
           9.39693e-01 9.84808e-01 9.87688e-01 9.90268e-01
           9.92546e-01 9.94522e-01 9.96195e-01 9.97564e-01
           9.98630e-01 9.99391e-01 9.99848e-01 1.00000e+00
SP103  D   0.000000000 2.52158e-11 3.75014e-12 1.02204e-11 
           1.97704e-11 3.18931e-11 4.93980e-11 6.27170e-11
           7.62178e-11 1.04954e-10 1.10178e-11 8.10336e-12
           5.47699e-12 2.14370e-11 2.34471e-11 8.69741e-11
           6.34445e-09 1.86577e-08 2.42114e-08 1.19067e-08
SI104  H  -1.00000e+00 6.12323e-17 1.73648e-01 3.42020e-01
           5.00000e-01 6.42788e-01 7.66044e-01 8.66025e-01
           9.39693e-01 9.84808e-01 9.87688e-01 9.90268e-01
           9.92546e-01 9.94522e-01 9.96195e-01 9.97564e-01
           9.98630e-01 9.99391e-01 9.99848e-01 1.00000e+00
SP104  D   0.000000000 2.75546e-11 4.59122e-12 1.18536e-11 
           2.46437e-11 3.96276e-11 5.84436e-11 7.63114e-11
           1.12337e-10 1.53368e-10 2.31981e-11 3.01442e-11
           3.84274e-11 2.24913e-11 3.48060e-11 8.66515e-11
           6.72557e-09 2.33008e-08 2.64540e-08 1.33019e-08
SI105  H  -1.00000e+00 6.12323e-17 1.73648e-01 3.42020e-01
           5.00000e-01 6.42788e-01 7.66044e-01 8.66025e-01
           9.39693e-01 9.84808e-01 9.87688e-01 9.90268e-01
           9.92546e-01 9.94522e-01 9.96195e-01 9.97564e-01
           9.98630e-01 9.99391e-01 9.99848e-01 1.00000e+00
SP105  D   0.000000000 1.23420e-11 2.11615e-12 6.37918e-12 
           1.31764e-11 2.17354e-11 3.22524e-11 4.51270e-11
           5.34643e-11 9.03970e-11 1.12181e-11 1.36663e-11
           3.20782e-11 4.42447e-11 2.46103e-11 1.91286e-12
           2.75520e-09 1.02184e-08 1.22680e-08 5.76679e-09
SI106  H  -1.00000e+00 6.12323e-17 1.73648e-01 3.42020e-01
           5.00000e-01 6.42788e-01 7.66044e-01 8.66025e-01
           9.39693e-01 9.84808e-01 9.87688e-01 9.90268e-01
           9.92546e-01 9.94522e-01 9.96195e-01 9.97564e-01
           9.98630e-01 9.99391e-01 9.99848e-01 1.00000e+00
SP106  D   0.000000000 1.75361e-11 3.00794e-12 1.09340e-11 
           2.03794e-11 3.27000e-11 4.56828e-11 6.09190e-11
           7.61076e-11 8.95670e-11 3.95074e-12 2.10239e-11
           3.50880e-11 1.91942e-11 1.46833e-11 5.97358e-11
           4.12068e-09 1.11514e-08 1.33963e-08 6.89945e-09
SI107  H  -1.00000e+00 6.12323e-17 1.73648e-01 3.42020e-01
           5.00000e-01 6.42788e-01 7.66044e-01 8.66025e-01
           9.39693e-01 9.84808e-01 9.87688e-01 9.90268e-01
           9.92546e-01 9.94522e-01 9.96195e-01 9.97564e-01
           9.98630e-01 9.99391e-01 9.99848e-01 1.00000e+00
SP107  D   0.000000000 1.09543e-11 2.47838e-12 9.37229e-12 
           2.02748e-11 2.58259e-11 3.72859e-11 4.41192e-11
           5.69376e-11 5.73302e-11 5.95786e-12 9.48823e-12
           4.99742e-12 2.11909e-12 4.75015e-12 5.07206e-12
           1.92513e-09 5.58130e-09 6.90886e-09 3.45218e-09
SI108  H  -1.00000e+00 6.12323e-17 1.73648e-01 3.42020e-01
           5.00000e-01 6.42788e-01 7.66044e-01 8.66025e-01
           9.39693e-01 9.84808e-01 9.87688e-01 9.90268e-01
           9.92546e-01 9.94522e-01 9.96195e-01 9.97564e-01
           9.98630e-01 9.99391e-01 9.99848e-01 1.00000e+00
SP108  D   0.000000000 1.81568e-11 3.75823e-12 1.38925e-11 
           2.76674e-11 4.28530e-11 5.54628e-11 6.31877e-11
           7.06267e-11 7.20226e-11 1.10722e-11 6.64490e-12
           2.03279e-11 9.62863e-12 3.75838e-11 6.79366e-12
           1.75691e-09 6.51295e-09 7.63675e-09 3.86575e-09
SI109  H  -1.00000e+00 6.12323e-17 1.73648e-01 3.42020e-01
           5.00000e-01 6.42788e-01 7.66044e-01 8.66025e-01
           9.39693e-01 9.84808e-01 9.87688e-01 9.90268e-01
           9.92546e-01 9.94522e-01 9.96195e-01 9.97564e-01
           9.98630e-01 9.99391e-01 9.99848e-01 1.00000e+00
SP109  D   0.000000000 1.55044e-11 3.06821e-12 1.30783e-11 
           2.55799e-11 3.85049e-11 4.67484e-11 5.88790e-11
           6.27785e-11 7.48690e-11 5.48662e-12 2.07030e-11
           5.74630e-12 4.62581e-11 7.22554e-12 2.80764e-11
           1.02753e-09 3.88236e-09 4.72726e-09 2.41291e-09
SI110  H  -1.00000e+00 6.12323e-17 1.73648e-01 3.42020e-01
           5.00000e-01 6.42788e-01 7.66044e-01 8.66025e-01
           9.39693e-01 9.84808e-01 9.87688e-01 9.90268e-01
           9.92546e-01 9.94522e-01 9.96195e-01 9.97564e-01
           9.98630e-01 9.99391e-01 9.99848e-01 1.00000e+00
SP110  D   0.000000000 1.65188e-11 3.98448e-12 1.38482e-11 
           2.78758e-11 4.23818e-11 5.26714e-11 6.42852e-11
           6.69331e-11 7.07693e-11 5.37319e-12 7.22378e-12
           7.97666e-12 1.14501e-11 1.37679e-11 7.91554e-11
           1.13272e-09 3.52423e-09 4.43090e-09 1.82730e-09
SI111  H  -1.00000e+00 6.12323e-17 1.73648e-01 3.42020e-01
           5.00000e-01 6.42788e-01 7.66044e-01 8.66025e-01
           9.39693e-01 9.84808e-01 9.87688e-01 9.90268e-01
           9.92546e-01 9.94522e-01 9.96195e-01 9.97564e-01
           9.98630e-01 9.99391e-01 9.99848e-01 1.00000e+00
SP111  D   0.000000000 4.43306e-11 9.83177e-12 3.82409e-11 
           7.38595e-11 1.04844e-10 1.35150e-10 1.57757e-10
           1.70640e-10 2.05432e-10 2.15133e-11 1.62004e-11
           4.60402e-11 3.33110e-11 2.83932e-11 1.40514e-10
           2.68162e-09 7.88191e-09 9.02285e-09 4.66150e-09
SI112  H  -1.00000e+00 6.12323e-17 1.73648e-01 3.42020e-01
           5.00000e-01 6.42788e-01 7.66044e-01 8.66025e-01
           9.39693e-01 9.84808e-01 9.87688e-01 9.90268e-01
           9.92546e-01 9.94522e-01 9.96195e-01 9.97564e-01
           9.98630e-01 9.99391e-01 9.99848e-01 1.00000e+00
SP112  D   0.000000000 4.15963e-11 9.44054e-12 3.65549e-11 
           6.99910e-11 9.72912e-11 1.24313e-10 1.44828e-10
           1.50879e-10 1.69340e-10 2.82091e-11 1.19853e-11
           2.68217e-11 1.71773e-11 2.19417e-11 1.02293e-10
           1.95391e-09 5.10600e-09 6.30756e-09 3.24463e-09
SI113  H  -1.00000e+00 6.12323e-17 1.73648e-01 3.42020e-01
           5.00000e-01 6.42788e-01 7.66044e-01 8.66025e-01
           9.39693e-01 9.84808e-01 9.87688e-01 9.90268e-01
           9.92546e-01 9.94522e-01 9.96195e-01 9.97564e-01
           9.98630e-01 9.99391e-01 9.99848e-01 1.00000e+00
SP113  D   0.000000000 1.77521e-11 4.06591e-12 1.47510e-11 
           2.92615e-11 4.20566e-11 5.40394e-11 5.98512e-11
           6.49421e-11 7.06831e-11 6.58618e-12 7.04995e-12
           8.88758e-12 1.94566e-11 2.23340e-11 3.10037e-11
           6.09377e-10 2.00968e-09 2.48738e-09 1.28603e-09
SI114  H  -1.00000e+00 6.12323e-17 1.73648e-01 3.42020e-01
           5.00000e-01 6.42788e-01 7.66044e-01 8.66025e-01
           9.39693e-01 9.84808e-01 9.87688e-01 9.90268e-01
           9.92546e-01 9.94522e-01 9.96195e-01 9.97564e-01
           9.98630e-01 9.99391e-01 9.99848e-01 1.00000e+00
SP114  D   0.000000000 3.93281e-12 7.90370e-13 3.18062e-12 
           6.43354e-12 8.63450e-12 1.25594e-11 1.19044e-11
           1.31749e-11 1.57417e-11 8.03681e-13 6.27622e-13
           6.27247e-12 1.57184e-12 2.44298e-12 1.33899e-11
           6.24895e-11 2.51834e-10 4.46582e-10 2.29643e-10
SI115  H  -1.00000e+00 6.12323e-17 1.73648e-01 3.42020e-01
           5.00000e-01 6.42788e-01 7.66044e-01 8.66025e-01
           9.39693e-01 9.84808e-01 9.87688e-01 9.90268e-01
           9.92546e-01 9.94522e-01 9.96195e-01 9.97564e-01
           9.98630e-01 9.99391e-01 9.99848e-01 1.00000e+00
SP115  D   0.000000000 8.31115e-12 1.74793e-12 7.19810e-12 
           1.36056e-11 2.04119e-11 2.60386e-11 2.91852e-11
           3.07488e-11 3.58702e-11 5.01530e-12 3.49154e-12
           9.68366e-13 8.81496e-12 2.39743e-12 1.23912e-11
           2.85845e-10 6.09701e-10 1.09593e-09 3.89297e-10
SI116  H  -1.00000e+00 6.12323e-17 1.73648e-01 3.42020e-01
           5.00000e-01 6.42788e-01 7.66044e-01 8.66025e-01
           9.39693e-01 9.84808e-01 9.87688e-01 9.90268e-01
           9.92546e-01 9.94522e-01 9.96195e-01 9.97564e-01
           9.98630e-01 9.99391e-01 9.99848e-01 1.00000e+00
SP116  D   0.000000000 1.34784e-11 2.72642e-12 1.20682e-11 
           2.23703e-11 3.24727e-11 4.06898e-11 4.64928e-11
           4.71902e-11 5.44349e-11 8.42868e-12 6.43877e-12
           3.07603e-12 5.04994e-12 5.91048e-12 4.47161e-11
           4.04628e-10 1.23187e-09 1.42284e-09 7.55374e-10
SI117  H  -1.00000e+00 6.12323e-17 1.73648e-01 3.42020e-01
           5.00000e-01 6.42788e-01 7.66044e-01 8.66025e-01
           9.39693e-01 9.84808e-01 9.87688e-01 9.90268e-01
           9.92546e-01 9.94522e-01 9.96195e-01 9.97564e-01
           9.98630e-01 9.99391e-01 9.99848e-01 1.00000e+00
SP117  D   0.000000000 9.26009e-12 2.08049e-12 7.84536e-12 
           1.59610e-11 2.24307e-11 2.90112e-11 3.14467e-11
           3.43562e-11 3.69710e-11 2.34965e-12 2.38311e-12
           2.84678e-12 5.85782e-12 1.71536e-11 7.86331e-12
           2.14195e-10 5.74150e-10 8.43043e-10 5.09328e-10
SI118  H  -1.00000e+00 6.12323e-17 1.73648e-01 3.42020e-01
           5.00000e-01 6.42788e-01 7.66044e-01 8.66025e-01
           9.39693e-01 9.84808e-01 9.87688e-01 9.90268e-01
           9.92546e-01 9.94522e-01 9.96195e-01 9.97564e-01
           9.98630e-01 9.99391e-01 9.99848e-01 1.00000e+00
SP118  D   0.000000000 2.53061e-11 5.69141e-12 2.10389e-11 
           4.35895e-11 5.98788e-11 7.71415e-11 8.73185e-11
           9.50242e-11 9.84655e-11 1.04455e-11 1.04459e-11
           7.96428e-12 7.27524e-12 2.21034e-11 3.03874e-11
           7.98396e-10 2.38201e-09 2.20507e-09 1.27041e-09
SI119  H  -1.00000e+00 6.12323e-17 1.73648e-01 3.42020e-01
           5.00000e-01 6.42788e-01 7.66044e-01 8.66025e-01
           9.39693e-01 9.84808e-01 9.87688e-01 9.90268e-01
           9.92546e-01 9.94522e-01 9.96195e-01 9.97564e-01
           9.98630e-01 9.99391e-01 9.99848e-01 1.00000e+00
SP119  D   0.000000000 1.26000e-10 2.95637e-11 1.09215e-10 
           2.06828e-10 3.04205e-10 3.87017e-10 4.46849e-10
           4.66810e-10 5.02783e-10 7.94234e-11 6.37174e-11
           7.71014e-11 6.55404e-11 1.03684e-10 2.31246e-10
           3.17280e-09 8.30933e-09 9.61306e-09 4.69056e-09
SI120  H  -1.00000e+00 6.12323e-17 1.73648e-01 3.42020e-01
           5.00000e-01 6.42788e-01 7.66044e-01 8.66025e-01
           9.39693e-01 9.84808e-01 9.87688e-01 9.90268e-01
           9.92546e-01 9.94522e-01 9.96195e-01 9.97564e-01
           9.98630e-01 9.99391e-01 9.99848e-01 1.00000e+00
SP120  D   0.000000000 7.18896e-11 1.70363e-11 6.18528e-11 
           1.18035e-10 1.70381e-10 2.25969e-10 2.52888e-10
           2.64538e-10 2.75777e-10 3.45518e-11 3.70133e-11
           4.44269e-11 4.36286e-11 6.85666e-11 9.85646e-11
           1.57424e-09 3.65098e-09 4.51226e-09 2.52739e-09
SI121  H  -1.00000e+00 6.12323e-17 1.73648e-01 3.42020e-01
           5.00000e-01 6.42788e-01 7.66044e-01 8.66025e-01
           9.39693e-01 9.84808e-01 9.87688e-01 9.90268e-01
           9.92546e-01 9.94522e-01 9.96195e-01 9.97564e-01
           9.98630e-01 9.99391e-01 9.99848e-01 1.00000e+00
SP121  D   0.000000000 9.54600e-11 2.26282e-11 8.24614e-11 
           1.58630e-10 2.29200e-10 2.90177e-10 3.38525e-10
           3.60871e-10 3.60754e-10 4.11257e-11 5.39371e-11
           4.92842e-11 6.40049e-11 9.40891e-11 1.84887e-10
           1.61965e-09 4.14470e-09 4.74007e-09 2.53884e-09
SI122  H  -1.00000e+00 6.12323e-17 1.73648e-01 3.42020e-01
           5.00000e-01 6.42788e-01 7.66044e-01 8.66025e-01
           9.39693e-01 9.84808e-01 9.87688e-01 9.90268e-01
           9.92546e-01 9.94522e-01 9.96195e-01 9.97564e-01
           9.98630e-01 9.99391e-01 9.99848e-01 1.00000e+00
SP122  D   0.000000000 8.88262e-11 2.13812e-11 7.89389e-11 
           1.47132e-10 2.15613e-10 2.72573e-10 3.14803e-10
           3.37118e-10 3.64874e-10 4.52686e-11 3.48454e-11
           4.02662e-11 6.96204e-11 7.22676e-11 1.50431e-10
           1.29187e-09 3.57799e-09 4.41593e-09 2.11061e-09
SI123  H  -1.00000e+00 6.12323e-17 1.73648e-01 3.42020e-01
           5.00000e-01 6.42788e-01 7.66044e-01 8.66025e-01
           9.39693e-01 9.84808e-01 9.87688e-01 9.90268e-01
           9.92546e-01 9.94522e-01 9.96195e-01 9.97564e-01
           9.98630e-01 9.99391e-01 9.99848e-01 1.00000e+00
SP123  D   0.000000000 5.88480e-10 1.49958e-10 5.43041e-10 
           1.02128e-09 1.49493e-09 1.90127e-09 2.18170e-09
           2.30264e-09 2.37502e-09 2.73826e-10 2.88223e-10
           3.18360e-10 3.98314e-10 5.21614e-10 1.19643e-09
           7.06265e-09 1.66730e-08 1.93667e-08 8.91804e-09
SI124  H  -1.00000e+00 6.12323e-17 1.73648e-01 3.42020e-01
           5.00000e-01 6.42788e-01 7.66044e-01 8.66025e-01
           9.39693e-01 9.84808e-01 9.87688e-01 9.90268e-01
           9.92546e-01 9.94522e-01 9.96195e-01 9.97564e-01
           9.98630e-01 9.99391e-01 9.99848e-01 1.00000e+00
SP124  D   0.000000000 4.47962e-10 1.20612e-10 4.32550e-10 
           8.13058e-10 1.19124e-09 1.52997e-09 1.74914e-09
           1.84858e-09 1.92204e-09 2.06716e-10 2.23081e-10
           2.75011e-10 2.89188e-10 3.90228e-10 7.83259e-10
           4.40362e-09 9.33214e-09 1.05047e-08 5.04223e-09
SI125  H  -1.00000e+00 6.12323e-17 1.73648e-01 3.42020e-01
           5.00000e-01 6.42788e-01 7.66044e-01 8.66025e-01
           9.39693e-01 9.84808e-01 9.87688e-01 9.90268e-01
           9.92546e-01 9.94522e-01 9.96195e-01 9.97564e-01
           9.98630e-01 9.99391e-01 9.99848e-01 1.00000e+00
SP125  D   0.000000000 1.43908e-09 4.08166e-10 1.46391e-09 
           2.74658e-09 4.06008e-09 5.15832e-09 5.94156e-09
           6.25682e-09 6.50681e-09 7.35079e-10 8.13427e-10
           8.68982e-10 1.04891e-09 1.39233e-09 2.82427e-09
           1.12995e-08 2.35636e-08 2.57820e-08 1.20414e-08
SI126  H  -1.00000e+00 6.12323e-17 1.73648e-01 3.42020e-01
           5.00000e-01 6.42788e-01 7.66044e-01 8.66025e-01
           9.39693e-01 9.84808e-01 9.87688e-01 9.90268e-01
           9.92546e-01 9.94522e-01 9.96195e-01 9.97564e-01
           9.98630e-01 9.99391e-01 9.99848e-01 1.00000e+00
SP126  D   2.07401e-09 6.31186e-10 2.24135e-09 1.000000000
           4.16928e-09 6.13906e-09 7.85906e-09 9.02779e-09
           9.55510e-09 9.89681e-09 1.09880e-09 1.16219e-09
           1.31030e-09 1.53238e-09 2.17361e-09 3.91162e-09
           1.38625e-08 2.59258e-08 2.73223e-08 1.33315e-08
SI127  H  -1.00000e+00 6.12323e-17 1.73648e-01 3.42020e-01
           5.00000e-01 6.42788e-01 7.66044e-01 8.66025e-01
           9.39693e-01 9.84808e-01 9.87688e-01 9.90268e-01
           9.92546e-01 9.94522e-01 9.96195e-01 9.97564e-01
           9.98630e-01 9.99391e-01 9.99848e-01 1.00000e+00
SP127  D   1.12455e-08 3.67106e-09 1.28690e-08 1.000000000
           2.37406e-08 3.47645e-08 4.41665e-08 5.05918e-08
           5.33832e-08 5.53258e-08 6.19992e-09 6.64114e-09
           7.37873e-09 8.72438e-09 1.19364e-08 2.19724e-08
           6.37536e-08 1.09890e-07 1.11626e-07 5.36851e-08
SI128  H  -1.00000e+00 6.12323e-17 1.73648e-01 3.42020e-01
           5.00000e-01 6.42788e-01 7.66044e-01 8.66025e-01
           9.39693e-01 9.84808e-01 9.87688e-01 9.90268e-01
           9.92546e-01 9.94522e-01 9.96195e-01 9.97564e-01
           9.98630e-01 9.99391e-01 9.99848e-01 1.00000e+00
SP128  D   5.20625e-09 1.78993e-09 6.40646e-09 1.000000000
           1.16280e-08 1.68104e-08 2.12248e-08 2.42021e-08
           2.53978e-08 2.60196e-08 2.87544e-09 3.10231e-09
           3.44239e-09 4.08814e-09 5.52797e-09 1.01794e-08
           2.85110e-08 4.86974e-08 4.90757e-08 2.29174e-08
SI129  H  -1.00000e+00 6.12323e-17 1.73648e-01 3.42020e-01
           5.00000e-01 6.42788e-01 7.66044e-01 8.66025e-01
           9.39693e-01 9.84808e-01 9.87688e-01 9.90268e-01
           9.92546e-01 9.94522e-01 9.96195e-01 9.97564e-01
           9.98630e-01 9.99391e-01 9.99848e-01 1.00000e+00
SP129  D   1.19891e-08 5.20675e-09 1.88353e-08 1.000000000
           3.63727e-08 5.36650e-08 6.73217e-08 7.56523e-08
           7.81663e-08 7.89437e-08 8.68675e-09 9.31438e-09
           1.03287e-08 1.24460e-08 1.71891e-08 3.33514e-08
           9.55874e-08 1.62981e-07 1.66107e-07 7.83235e-08
SI130  H  -1.00000e+00 6.12323e-17 1.73648e-01 3.42020e-01
           5.00000e-01 6.42788e-01 7.66044e-01 8.66025e-01
           9.39693e-01 9.84808e-01 9.87688e-01 9.90268e-01
           9.92546e-01 9.94522e-01 9.96195e-01 9.97564e-01
           9.98630e-01 9.99391e-01 9.99848e-01 1.00000e+00
SP130  D   5.38116e-09 3.78881e-09 1.46068e-08 1.000000000
           3.06082e-08 5.11222e-08 6.71779e-08 7.41559e-08
           7.29451e-08 7.08019e-08 7.82230e-09 8.49660e-09
           9.52445e-09 1.16896e-08 1.72182e-08 3.54514e-08
           1.02187e-07 1.69990e-07 1.69994e-07 8.05891e-08
SI131  H  -1.00000e+00 6.12323e-17 1.73648e-01 3.42020e-01
           5.00000e-01 6.42788e-01 7.66044e-01 8.66025e-01
           9.39693e-01 9.84808e-01 9.87688e-01 9.90268e-01
           9.92546e-01 9.94522e-01 9.96195e-01 9.97564e-01
           9.98630e-01 9.99391e-01 9.99848e-01 1.00000e+00
SP131  D   3.59914e-09 2.75640e-09 1.18105e-08 1.000000000
           2.94727e-08 5.74382e-08 8.23330e-08 9.93641e-08
           1.03190e-07 9.78571e-08 1.11250e-08 1.21479e-08
           1.43437e-08 1.82255e-08 2.73134e-08 5.47471e-08
           1.34384e-07 2.06685e-07 2.02594e-07 9.48744e-08
