 0   1.00000000e-11   1.23583000e+01   8.90000000e-03 
 0   4.00000000e-09   1.65739000e+01   7.90000000e-03 
 0   1.00000000e-08   1.65007000e+01   7.90000000e-03 
 0   2.53000000e-08   1.62940000e+01   7.80000000e-03 
 0   4.00000000e-08   1.60839000e+01   7.70000000e-03 
 0   5.00000000e-08   1.59258000e+01   7.70000000e-03 
 0   6.00000000e-08   1.57904000e+01   7.60000000e-03 
 0   8.00000000e-08   1.55108000e+01   7.60000000e-03 
 0   1.00000000e-07   1.52351000e+01   7.50000000e-03 
 0   1.50000000e-07   1.46104000e+01   7.30000000e-03 
 0   2.00000000e-07   1.40712000e+01   7.20000000e-03 
 0   2.50000000e-07   1.35998000e+01   7.10000000e-03 
 0   3.25000000e-07   1.29827000e+01   7.00000000e-03 
 0   3.50000000e-07   1.27937000e+01   7.00000000e-03 
 0   3.75000000e-07   1.26170000e+01   6.90000000e-03 
 0   4.50000000e-07   1.21384000e+01   6.90000000e-03 
 0   6.25000000e-07   1.12395000e+01   6.70000000e-03 
 0   1.01000000e-06   9.87045000e+00   6.60000000e-03 
 0   1.08000000e-06   9.67760000e+00   6.50000000e-03 
 0   1.13000000e-06   9.54720000e+00   6.50000000e-03 
 0   5.00000000e-06   5.65991000e+00   6.20000000e-03 
 0   6.25000000e-06   5.17809000e+00   6.10000000e-03 
 0   6.50000000e-06   5.09617000e+00   6.10000000e-03 
 0   6.88000000e-06   4.97913000e+00   6.10000000e-03 
 0   7.00000000e-06   4.94392000e+00   6.10000000e-03 
 0   2.05000000e-05   1.49974000e+00   7.10000000e-03 
 0   2.12000000e-05   3.02903000e+00   6.00000000e-03 
 0   2.18000000e-05   3.01711000e+00   6.00000000e-03 
 0   3.60000000e-05   2.32273000e+00   6.00000000e-03 
 0   3.71000000e-05   1.85877000e+00   6.30000000e-03 
 0   6.50000000e-05   1.83435000e+00   5.90000000e-03 
 0   6.75000000e-05   1.80369000e+00   5.90000000e-03 
 0   1.01000000e-04   1.49241000e+00   5.90000000e-03 
 0   1.05000000e-04   1.46579000e+00   5.90000000e-03 
 0   1.16000000e-04   1.39897000e+00   5.90000000e-03 
 0   1.18000000e-04   1.38777000e+00   5.90000000e-03 
 0   1.88000000e-04   1.10803000e+00   5.80000000e-03 
 0   1.92000000e-04   1.09309000e+00   5.80000000e-03 
 0   2.25000000e-03   2.49282000e-01   6.30000000e-03 
 0   3.74000000e-03   2.56632000e-01   5.80000000e-03 
 0   1.70000000e-02   1.22921000e-01   5.80000000e-03 
 0   2.00000000e-02   1.13189000e-01   5.80000000e-03 
 0   5.00000000e-02   7.70755000e-02   5.80000000e-03 
 0   2.00000000e-01   2.02381000e-01   5.80000000e-03 
 0   2.70000000e-01   2.53830000e-01   5.80000000e-03 
 0   3.30000000e-01   1.09484000e-01   5.90000000e-03 
 0   4.70000000e-01   4.58203000e-02   5.90000000e-03 
 0   6.00000000e-01   3.37126000e-02   5.80000000e-03 
 0   7.50000000e-01   2.87045000e-02   5.90000000e-03 
 0   8.61000000e-01   2.68177000e-02   5.90000000e-03 
 0   1.20000000e+00   2.41650000e-02   5.90000000e-03 
 0   1.50000000e+00   2.34136000e-02   5.90000000e-03 
 0   1.85000000e+00   2.36259000e-02   5.90000000e-03 
 0   3.00000000e+00   1.69619000e-02   6.10000000e-03 
 0   4.30000000e+00   1.10536000e-02   6.30000000e-03 
 0   6.43000000e+00   6.98791000e-03   7.40000000e-03 
 0   2.00000000e+01   2.18733000e-03   2.10000000e-02 
 2   1.00000000e-11   2.40333000e-05   7.47400000e-01 
 2   4.00000000e-09   5.67614000e-07   6.22800000e-01 
 2   1.00000000e-08   1.35825000e-07   5.38900000e-01 
 2   2.53000000e-08   7.00955000e-09   6.59900000e-01 
 2   4.00000000e-08   9.20696000e-09   5.84900000e-01 
 2   5.00000000e-08   2.69145000e-07   9.00000000e-01 
 2   6.00000000e-08   1.61917000e-07   8.57500000e-01 
 2   8.00000000e-08   1.10185000e-06   9.40900000e-01 
 2   1.00000000e-07   4.95789000e-08   5.96900000e-01 
 2   1.50000000e-07   4.70405000e-08   5.93100000e-01 
 2   2.00000000e-07   1.33629000e-06   9.30600000e-01 
 2   2.50000000e-07   6.03750000e-08   3.96000000e-01 
 2   3.25000000e-07   6.69307000e-07   3.00200000e-01 
 2   3.50000000e-07   1.00443000e-06   3.54200000e-01 
 2   3.75000000e-07   1.09923000e-06   1.50900000e-01 
 2   4.50000000e-07   3.05108000e-06   9.61000000e-02 
 2   6.25000000e-07   1.94421000e-05   3.74000000e-02 
 2   1.01000000e-06   1.63912000e-04   1.79000000e-02 
 2   1.08000000e-06   2.12680000e-04   1.63000000e-02 
 2   1.13000000e-06   2.51186000e-04   1.62000000e-02 
 2   5.00000000e-06   1.22467000e-02   5.10000000e-03 
 2   6.25000000e-06   1.75882000e-02   4.00000000e-03 
 2   6.50000000e-06   1.86813000e-02   4.20000000e-03 
 2   6.88000000e-06   2.02241000e-02   3.80000000e-03 
 2   7.00000000e-06   2.07147000e-02   3.80000000e-03 
 2   2.05000000e-05   6.01081000e-02   2.60000000e-03 
 2   2.12000000e-05   6.74472000e-02   2.60000000e-03 
 2   2.18000000e-05   6.92783000e-02   2.60000000e-03 
 2   3.60000000e-05   9.64043000e-02   4.47000000e-02 
 2   3.71000000e-05   9.68188000e-02   4.47000000e-02 
 2   6.50000000e-05   1.19462000e-01   3.69000000e-02 
 2   6.75000000e-05   1.19304000e-01   3.68000000e-02 
 2   1.01000000e-04   1.32705000e-01   3.43000000e-02 
 2   1.05000000e-04   1.37402000e-01   3.37000000e-02 
 2   1.16000000e-04   1.43265000e-01   3.26000000e-02 
 2   1.18000000e-04   1.43091000e-01   3.19000000e-02 
 2   1.88000000e-04   1.60696000e-01   3.04000000e-02 
 2   1.92000000e-04   1.63497000e-01   3.03000000e-02 
 2   2.25000000e-03   1.88103000e-01   2.50000000e-02 
 2   3.74000000e-03   1.83813000e-01   2.41000000e-02 
 2   1.70000000e-02   1.68115000e-01   2.61000000e-02 
 2   2.00000000e-02   1.63298000e-01   2.52000000e-02 
 2   5.00000000e-02   1.51180000e-01   2.83000000e-02 
 2   2.00000000e-01   1.41534000e-01   2.61000000e-02 
 2   2.70000000e-01   1.56238000e-01   1.88000000e-02 
 2   3.30000000e-01   1.30644000e-01   2.40000000e-02 
 2   4.70000000e-01   9.59472000e-02   2.36000000e-02 
 2   6.00000000e-01   8.60016000e-02   2.92000000e-02 
 2   7.50000000e-01   6.98929000e-02   3.03000000e-02 
 2   8.61000000e-01   6.78298000e-02   3.37000000e-02 
 2   1.20000000e+00   5.26255000e-02   3.12000000e-02 
 2   1.50000000e+00   4.66138000e-02   3.24000000e-02 
 2   1.85000000e+00   4.04313000e-02   3.37000000e-02 
 2   3.00000000e+00   2.99111000e-02   3.78000000e-02 
 2   4.30000000e+00   1.86315000e-02   4.16000000e-02 
 2   6.43000000e+00   1.28219000e-02   2.50000000e-03 
 2   2.00000000e+01   6.95365000e-03   2.30000000e-03 
