 3   6.25000000e-07   1.55412000e-08   9.10900000e-01 
 3   1.01000000e-06   4.23950000e-08   1.08300000e-01 
 3   1.08000000e-06   1.93414000e-07   5.60100000e-01 
 3   1.13000000e-06   1.42042000e-07   4.05000000e-01 
 3   5.00000000e-06   8.82561000e-05   1.23000000e-02 
 3   6.25000000e-06   1.64364000e-04   8.50000000e-03 
 3   6.50000000e-06   1.84697000e-04   8.10000000e-03 
 3   6.88000000e-06   2.14510000e-04   7.60000000e-03 
 3   7.00000000e-06   2.27216000e-04   1.12000000e-02 
 3   2.05000000e-05   1.81572000e-03   4.40000000e-03 
 3   2.12000000e-05   2.03879000e-03   4.30000000e-03 
 3   2.18000000e-05   2.13795000e-03   4.50000000e-03 
 3   3.60000000e-05   4.09238000e-03   4.70000000e-03 
 3   3.71000000e-05   4.13428000e-03   4.50000000e-03 
 3   6.50000000e-05   7.46364000e-03   3.40000000e-03 
 3   6.75000000e-05   7.70125000e-03   3.30000000e-03 
 3   1.01000000e-04   1.05847000e-02   2.70000000e-03 
 3   1.05000000e-04   1.08479000e-02   3.80000000e-03 
 3   1.16000000e-04   1.15969000e-02   3.60000000e-03 
 3   1.18000000e-04   1.17537000e-02   3.60000000e-03 
 3   1.88000000e-04   1.56356000e-02   3.00000000e-03 
 3   1.92000000e-04   1.58633000e-02   3.00000000e-03 
 3   2.25000000e-03   3.62078000e-02   2.20000000e-03 
 3   3.74000000e-03   3.98424000e-02   2.30000000e-03 
 3   1.70000000e-02   4.77178000e-02   4.72000000e-02 
 3   2.00000000e-02   5.02043000e-02   4.54000000e-02 
 3   5.00000000e-02   5.75429000e-02   4.09000000e-02 
 3   2.00000000e-01   7.28283000e-02   3.45000000e-02 
 3   2.70000000e-01   8.29261000e-02   2.99000000e-02 
 3   3.30000000e-01   7.60508000e-02   3.22000000e-02 
 3   4.70000000e-01   6.74722000e-02   3.29000000e-02 
 3   6.00000000e-01   6.54316000e-02   3.31000000e-02 
 3   7.50000000e-01   5.91553000e-02   3.70000000e-02 
 3   8.61000000e-01   5.74425000e-02   4.15000000e-02 
 3   1.20000000e+00   5.53080000e-02   4.56000000e-02 
 3   1.50000000e+00   4.66028000e-02   4.75000000e-02 
 3   1.85000000e+00   4.19740000e-02   4.27000000e-02 
 3   3.00000000e+00   2.96613000e-02   4.24000000e-02 
 3   4.30000000e+00   2.09387000e-02   2.30000000e-03 
 3   6.43000000e+00   1.50323000e-02   2.00000000e-03 
 3   2.00000000e+01   8.61484000e-03   2.30000000e-03 
