    1.0000E-05   5.05044E-10 0.0263
    1.5000E-02   6.98679E-09 0.0016
    3.0000E-02   1.00924E-09 0.0021
    5.0000E-02   8.00649E-10 0.0030
    8.0000E-02   7.89114E-10 0.0020
    1.0000E-01   4.01193E-10 0.0034
    1.4000E-01   6.41064E-10 0.0028
    1.8000E-01   5.09653E-10 0.0027
    2.5000E-01   7.05795E-10 0.0025
    3.2000E-01   5.61730E-10 0.0031
    4.0000E-01   5.26446E-10 0.0030
    6.2500E-01   1.07454E-09 0.0022
    8.5000E-01   7.19921E-10 0.0022
    9.5000E-01   2.50570E-10 0.0031
    9.7200E-01   5.05572E-11 0.0063
    1.0200E+00   1.05254E-10 0.0043
    1.0970E+00   1.55721E-10 0.0037
    1.1500E+00   9.90104E-11 0.0041
    1.3000E+00   2.48446E-10 0.0029
    2.1000E+00   8.78113E-10 0.0014
    2.6000E+00   3.35469E-10 0.0018
    3.3000E+00   2.77852E-10 0.0018
    4.0000E+00   1.49007E-10 0.0024
    9.8770E+00   1.74401E-10 0.0026
    1.5968E+01   4.98046E-13 0.0608
    4.8052E+01   3.57049E-16 1.0000
    1.4873E+02   0.00000E+00 0.0000
    9.1180E+03   0.00000E+00 0.0000
    4.0850E+04   0.00000E+00 0.0000
    5.0000E+05   0.00000E+00 0.0000
    1.3530E+06   0.00000E+00 0.0000
    3.6790E+06   0.00000E+00 0.0000
    1.0000E+07   0.00000E+00 0.0000
    1.0000E-05   1.20426E-10 0.0168
    1.5000E-02   2.24148E-09 0.0015
    3.0000E-02   3.48005E-10 0.0018
    5.0000E-02   2.79481E-10 0.0013
    8.0000E-02   2.86213E-10 0.0012
    1.0000E-01   1.50816E-10 0.0025
    1.4000E-01   2.50321E-10 0.0016
    1.8000E-01   2.10410E-10 0.0020
    2.5000E-01   3.11573E-10 0.0014
    3.2000E-01   2.67532E-10 0.0016
    4.0000E-01   2.69942E-10 0.0016
    6.2500E-01   6.30422E-10 0.0013
    8.5000E-01   4.90817E-10 0.0015
    9.5000E-01   1.82436E-10 0.0027
    9.7200E-01   3.73287E-11 0.0056
    1.0200E+00   7.84664E-11 0.0039
    1.0970E+00   1.19069E-10 0.0033
    1.1500E+00   7.71828E-11 0.0042
    1.3000E+00   2.01112E-10 0.0027
    2.1000E+00   6.91222E-10 0.0016
    2.6000E+00   2.37718E-10 0.0029
    3.3000E+00   2.03210E-10 0.0032
    4.0000E+00   1.48920E-10 0.0037
    9.8770E+00   2.54386E-10 0.0039
    1.5968E+01   1.33154E-12 0.0679
    4.8052E+01   0.00000E+00 0.0000
    1.4873E+02   0.00000E+00 0.0000
    9.1180E+03   0.00000E+00 0.0000
    4.0850E+04   0.00000E+00 0.0000
    5.0000E+05   0.00000E+00 0.0000
    1.3530E+06   0.00000E+00 0.0000
    3.6790E+06   0.00000E+00 0.0000
    1.0000E+07   0.00000E+00 0.0000
    1.0000E-05   4.51723E-10 0.0335
    1.5000E-02   7.86610E-09 0.0017
    3.0000E-02   1.24253E-09 0.0018
    5.0000E-02   1.02818E-09 0.0016
    8.0000E-02   1.07266E-09 0.0015
    1.0000E-01   5.61458E-10 0.0016
    1.4000E-01   9.25177E-10 0.0012
    1.8000E-01   7.65916E-10 0.0014
    2.5000E-01   1.11746E-09 0.0008
    3.2000E-01   9.53460E-10 0.0009
    4.0000E-01   9.63206E-10 0.0010
    6.2500E-01   2.27980E-09 0.0007
    8.5000E-01   1.86028E-09 0.0008
    9.5000E-01   7.07477E-10 0.0013
    9.7200E-01   1.46701E-10 0.0030
    1.0200E+00   3.08101E-10 0.0021
    1.0970E+00   4.74491E-10 0.0017
    1.1500E+00   3.11706E-10 0.0022
    1.3000E+00   8.20496E-10 0.0014
    2.1000E+00   2.91319E-09 0.0010
    2.6000E+00   1.03859E-09 0.0015
    3.3000E+00   8.89785E-10 0.0016
    4.0000E+00   6.47272E-10 0.0019
    9.8770E+00   1.15068E-09 0.0019
    1.5968E+01   6.79397E-12 0.0303
    4.8052E+01   1.61871E-14 0.5585
    1.4873E+02   0.00000E+00 0.0000
    9.1180E+03   0.00000E+00 0.0000
    4.0850E+04   0.00000E+00 0.0000
    5.0000E+05   0.00000E+00 0.0000
    1.3530E+06   0.00000E+00 0.0000
    3.6790E+06   0.00000E+00 0.0000
    1.0000E+07   0.00000E+00 0.0000
    1.0000E-05   8.29948E-10 0.0332
    1.5000E-02   1.45298E-08 0.0020
    3.0000E-02   2.24800E-09 0.0023
    5.0000E-02   1.85781E-09 0.0020
    8.0000E-02   1.96068E-09 0.0018
    1.0000E-01   1.04590E-09 0.0019
    1.4000E-01   1.75876E-09 0.0015
    1.8000E-01   1.48633E-09 0.0014
    2.5000E-01   2.21039E-09 0.0010
    3.2000E-01   1.89728E-09 0.0009
    4.0000E-01   1.91250E-09 0.0008
    6.2500E-01   4.52508E-09 0.0005
    8.5000E-01   3.77568E-09 0.0006
    9.5000E-01   1.48563E-09 0.0010
    9.7200E-01   3.10260E-10 0.0021
    1.0200E+00   6.55693E-10 0.0015
    1.0970E+00   1.02645E-09 0.0012
    1.1500E+00   6.86623E-10 0.0016
    1.3000E+00   1.83874E-09 0.0010
    2.1000E+00   7.05532E-09 0.0006
    2.6000E+00   2.71738E-09 0.0010
    3.3000E+00   2.26137E-09 0.0010
    4.0000E+00   1.62541E-09 0.0012
    9.8770E+00   3.29440E-09 0.0012
    1.5968E+01   2.07376E-11 0.0184
    4.8052E+01   9.40853E-14 0.2744
    1.4873E+02   0.00000E+00 0.0000
    9.1180E+03   0.00000E+00 0.0000
    4.0850E+04   0.00000E+00 0.0000
    5.0000E+05   0.00000E+00 0.0000
    1.3530E+06   0.00000E+00 0.0000
    3.6790E+06   0.00000E+00 0.0000
    1.0000E+07   0.00000E+00 0.0000
    1.0000E-05   1.19845E-09 0.0405
    1.5000E-02   2.12557E-08 0.0024
    3.0000E-02   3.27241E-09 0.0033
    5.0000E-02   2.67851E-09 0.0027
    8.0000E-02   2.80792E-09 0.0023
    1.0000E-01   1.49678E-09 0.0024
    1.4000E-01   2.51428E-09 0.0019
    1.8000E-01   2.14319E-09 0.0018
    2.5000E-01   3.23239E-09 0.0014
    3.2000E-01   2.82524E-09 0.0012
    4.0000E-01   2.90971E-09 0.0010
    6.2500E-01   7.09783E-09 0.0006
    8.5000E-01   6.08744E-09 0.0007
    9.5000E-01   2.47699E-09 0.0008
    9.7200E-01   5.28892E-10 0.0017
    1.0200E+00   1.13764E-09 0.0012
    1.0970E+00   1.78413E-09 0.0010
    1.1500E+00   1.19570E-09 0.0013
    1.3000E+00   3.23037E-09 0.0008
    2.1000E+00   1.35692E-08 0.0005
    2.6000E+00   5.44447E-09 0.0007
    3.3000E+00   4.38577E-09 0.0008
    4.0000E+00   3.15402E-09 0.0009
    9.8770E+00   7.72099E-09 0.0008
    1.5968E+01   5.98210E-11 0.0119
    4.8052E+01   3.64836E-13 0.1300
    1.4873E+02   0.00000E+00 0.0000
    9.1180E+03   0.00000E+00 0.0000
    4.0850E+04   0.00000E+00 0.0000
    5.0000E+05   0.00000E+00 0.0000
    1.3530E+06   0.00000E+00 0.0000
    3.6790E+06   0.00000E+00 0.0000
    1.0000E+07   0.00000E+00 0.0000
    1.0000E-05   1.52585E-09 0.0379
    1.5000E-02   2.70557E-08 0.0026
    3.0000E-02   4.10109E-09 0.0030
    5.0000E-02   3.38360E-09 0.0032
    8.0000E-02   3.55006E-09 0.0040
    1.0000E-01   1.87390E-09 0.0029
    1.4000E-01   3.14688E-09 0.0024
    1.8000E-01   2.67745E-09 0.0022
    2.5000E-01   4.01925E-09 0.0018
    3.2000E-01   3.53992E-09 0.0016
    4.0000E-01   3.65592E-09 0.0014
    6.2500E-01   9.00387E-09 0.0010
    8.5000E-01   7.90000E-09 0.0007
    9.5000E-01   3.27086E-09 0.0008
    9.7200E-01   7.03645E-10 0.0017
    1.0200E+00   1.51765E-09 0.0012
    1.0970E+00   2.37782E-09 0.0010
    1.1500E+00   1.58992E-09 0.0012
    1.3000E+00   4.34721E-09 0.0008
    2.1000E+00   1.88711E-08 0.0004
    2.6000E+00   8.01071E-09 0.0006
    3.3000E+00   6.57503E-09 0.0007
    4.0000E+00   4.63443E-09 0.0008
    9.8770E+00   1.33372E-08 0.0007
    1.5968E+01   1.48725E-10 0.0082
    4.8052E+01   1.12904E-12 0.0936
    1.4873E+02   0.00000E+00 0.0000
    9.1180E+03   0.00000E+00 0.0000
    4.0850E+04   0.00000E+00 0.0000
    5.0000E+05   0.00000E+00 0.0000
    1.3530E+06   0.00000E+00 0.0000
    3.6790E+06   0.00000E+00 0.0000
    1.0000E+07   0.00000E+00 0.0000
    1.0000E-05   1.79350E-09 0.0785
    1.5000E-02   3.10092E-08 0.0027
    3.0000E-02   4.68569E-09 0.0037
    5.0000E-02   3.86738E-09 0.0039
    8.0000E-02   4.01275E-09 0.0033
    1.0000E-01   2.11838E-09 0.0033
    1.4000E-01   3.56103E-09 0.0029
    1.8000E-01   3.01096E-09 0.0028
    2.5000E-01   4.53206E-09 0.0023
    3.2000E-01   3.93478E-09 0.0019
    4.0000E-01   4.07812E-09 0.0018
    6.2500E-01   9.99394E-09 0.0011
    8.5000E-01   8.71276E-09 0.0009
    9.5000E-01   3.61456E-09 0.0011
    9.7200E-01   7.72381E-10 0.0019
    1.0200E+00   1.67044E-09 0.0013
    1.0970E+00   2.61768E-09 0.0012
    1.1500E+00   1.75697E-09 0.0013
    1.3000E+00   4.80872E-09 0.0009
    2.1000E+00   2.14300E-08 0.0004
    2.6000E+00   9.85018E-09 0.0006
    3.3000E+00   8.70313E-09 0.0006
    4.0000E+00   5.94563E-09 0.0007
    9.8770E+00   2.10770E-08 0.0006
    1.5968E+01   3.57403E-10 0.0061
    4.8052E+01   3.17507E-12 0.0649
    1.4873E+02   0.00000E+00 0.0000
    9.1180E+03   0.00000E+00 0.0000
    4.0850E+04   0.00000E+00 0.0000
    5.0000E+05   0.00000E+00 0.0000
    1.3530E+06   0.00000E+00 0.0000
    3.6790E+06   0.00000E+00 0.0000
    1.0000E+07   0.00000E+00 0.0000
    1.0000E-05   1.90418E-09 0.0771
    1.5000E-02   3.28150E-08 0.0028
    3.0000E-02   4.92220E-09 0.0039
    5.0000E-02   4.01721E-09 0.0037
    8.0000E-02   4.18501E-09 0.0035
    1.0000E-01   2.22891E-09 0.0043
    1.4000E-01   3.68634E-09 0.0029
    1.8000E-01   3.14859E-09 0.0032
    2.5000E-01   4.68636E-09 0.0027
    3.2000E-01   4.07229E-09 0.0024
    4.0000E-01   4.15017E-09 0.0021
    6.2500E-01   1.01475E-08 0.0014
    8.5000E-01   8.64347E-09 0.0012
    9.5000E-01   3.53746E-09 0.0014
    9.7200E-01   7.55792E-10 0.0024
    1.0200E+00   1.62711E-09 0.0018
    1.0970E+00   2.53687E-09 0.0017
    1.1500E+00   1.69672E-09 0.0017
    1.3000E+00   4.63934E-09 0.0011
    2.1000E+00   2.08860E-08 0.0005
    2.6000E+00   1.02513E-08 0.0007
    3.3000E+00   9.88063E-09 0.0007
    4.0000E+00   6.84381E-09 0.0008
    9.8770E+00   3.06734E-08 0.0006
    1.5968E+01   7.72823E-10 0.0050
    4.8052E+01   7.12704E-12 0.0527
    1.4873E+02   0.00000E+00 0.0000
    9.1180E+03   0.00000E+00 0.0000
    4.0850E+04   0.00000E+00 0.0000
    5.0000E+05   0.00000E+00 0.0000
    1.3530E+06   0.00000E+00 0.0000
    3.6790E+06   0.00000E+00 0.0000
    1.0000E+07   0.00000E+00 0.0000
    1.0000E-05   1.80505E-09 0.0298
    1.5000E-02   3.39398E-08 0.0026
    3.0000E-02   5.08187E-09 0.0037
    5.0000E-02   4.07467E-09 0.0035
    8.0000E-02   4.29690E-09 0.0035
    1.0000E-01   2.25272E-09 0.0045
    1.4000E-01   3.76122E-09 0.0032
    1.8000E-01   3.19558E-09 0.0053
    2.5000E-01   4.73175E-09 0.0026
    3.2000E-01   4.10593E-09 0.0027
    4.0000E-01   4.14188E-09 0.0023
    6.2500E-01   1.00534E-08 0.0016
    8.5000E-01   8.53584E-09 0.0015
    9.5000E-01   3.40523E-09 0.0021
    9.7200E-01   7.30202E-10 0.0034
    1.0200E+00   1.55797E-09 0.0025
    1.0970E+00   2.43203E-09 0.0021
    1.1500E+00   1.62204E-09 0.0025
    1.3000E+00   4.39977E-09 0.0016
    2.1000E+00   1.93704E-08 0.0008
    2.6000E+00   9.38997E-09 0.0010
    3.3000E+00   9.67237E-09 0.0009
    4.0000E+00   7.15017E-09 0.0010
    9.8770E+00   3.24066E-08 0.0007
    1.5968E+01   1.10255E-09 0.0051
    4.8052E+01   1.13943E-11 0.0517
    1.4873E+02   0.00000E+00 0.0000
    9.1180E+03   0.00000E+00 0.0000
    4.0850E+04   0.00000E+00 0.0000
    5.0000E+05   0.00000E+00 0.0000
    1.3530E+06   0.00000E+00 0.0000
    3.6790E+06   0.00000E+00 0.0000
    1.0000E+07   0.00000E+00 0.0000
    1.0000E-05   1.70100E-10 0.0588
    1.5000E-02   3.80300E-09 0.0055
    3.0000E-02   5.72683E-10 0.0090
    5.0000E-02   4.54926E-10 0.0089
    8.0000E-02   4.80006E-10 0.0086
    1.0000E-01   2.44222E-10 0.0113
    1.4000E-01   4.16088E-10 0.0082
    1.8000E-01   3.49772E-10 0.0089
    2.5000E-01   5.23319E-10 0.0069
    3.2000E-01   4.56232E-10 0.0072
    4.0000E-01   4.59325E-10 0.0067
    6.2500E-01   1.09880E-09 0.0043
    8.5000E-01   9.45263E-10 0.0046
    9.5000E-01   3.79047E-10 0.0071
    9.7200E-01   8.02073E-11 0.0150
    1.0200E+00   1.71109E-10 0.0104
    1.0970E+00   2.70034E-10 0.0082
    1.1500E+00   1.79535E-10 0.0099
    1.3000E+00   4.94730E-10 0.0064
    2.1000E+00   2.19038E-09 0.0030
    2.6000E+00   1.06314E-09 0.0041
    3.3000E+00   1.09911E-09 0.0035
    4.0000E+00   8.21092E-10 0.0039
    9.8770E+00   3.34177E-09 0.0027
    1.5968E+01   1.14505E-10 0.0185
    4.8052E+01   1.34550E-12 0.1975
    1.4873E+02   0.00000E+00 0.0000
    9.1180E+03   0.00000E+00 0.0000
    4.0850E+04   0.00000E+00 0.0000
    5.0000E+05   0.00000E+00 0.0000
    1.3530E+06   0.00000E+00 0.0000
    3.6790E+06   0.00000E+00 0.0000
    1.0000E+07   0.00000E+00 0.0000
    1.0000E-05   1.86036E-10 0.0681
    1.5000E-02   4.05568E-09 0.0066
    3.0000E-02   5.97282E-10 0.0100
    5.0000E-02   4.79508E-10 0.0105
    8.0000E-02   5.15727E-10 0.0100
    1.0000E-01   2.67854E-10 0.0132
    1.4000E-01   4.48949E-10 0.0097
    1.8000E-01   3.73722E-10 0.0103
    2.5000E-01   5.53941E-10 0.0080
    3.2000E-01   4.87115E-10 0.0085
    4.0000E-01   4.94084E-10 0.0080
    6.2500E-01   1.19159E-09 0.0051
    8.5000E-01   1.01831E-09 0.0054
    9.5000E-01   4.08548E-10 0.0083
    9.7200E-01   8.43946E-11 0.0178
    1.0200E+00   1.88934E-10 0.0125
    1.0970E+00   2.92154E-10 0.0094
    1.1500E+00   1.98529E-10 0.0116
    1.3000E+00   5.38203E-10 0.0074
    2.1000E+00   2.40344E-09 0.0034
    2.6000E+00   1.18881E-09 0.0046
    3.3000E+00   1.22669E-09 0.0038
    4.0000E+00   9.05589E-10 0.0041
    9.8770E+00   3.61046E-09 0.0028
    1.5968E+01   1.23012E-10 0.0194
    4.8052E+01   1.10224E-12 0.2323
    1.4873E+02   0.00000E+00 0.0000
    9.1180E+03   0.00000E+00 0.0000
    4.0850E+04   0.00000E+00 0.0000
    5.0000E+05   0.00000E+00 0.0000
    1.3530E+06   0.00000E+00 0.0000
    3.6790E+06   0.00000E+00 0.0000
    1.0000E+07   0.00000E+00 0.0000
    1.0000E-05   2.65396E-10 0.1200
    1.5000E-02   4.50816E-09 0.0090
    3.0000E-02   6.66798E-10 0.0128
    5.0000E-02   5.32240E-10 0.0130
    8.0000E-02   5.65909E-10 0.0125
    1.0000E-01   2.97930E-10 0.0165
    1.4000E-01   4.93256E-10 0.0125
    1.8000E-01   4.16885E-10 0.0135
    2.5000E-01   6.12415E-10 0.0100
    3.2000E-01   5.24128E-10 0.0104
    4.0000E-01   5.49134E-10 0.0100
    6.2500E-01   1.33310E-09 0.0064
    8.5000E-01   1.14631E-09 0.0067
    9.5000E-01   4.66736E-10 0.0100
    9.7200E-01   9.53503E-11 0.0224
    1.0200E+00   2.08764E-10 0.0154
    1.0970E+00   3.35535E-10 0.0116
    1.1500E+00   2.28847E-10 0.0142
    1.3000E+00   6.06266E-10 0.0092
    2.1000E+00   2.77161E-09 0.0041
    2.6000E+00   1.40244E-09 0.0052
    3.3000E+00   1.44790E-09 0.0042
    4.0000E+00   1.04830E-09 0.0045
    9.8770E+00   4.06133E-09 0.0030
    1.5968E+01   1.27839E-10 0.0209
    4.8052E+01   1.85134E-12 0.2069
    1.4873E+02   0.00000E+00 0.0000
    9.1180E+03   0.00000E+00 0.0000
    4.0850E+04   0.00000E+00 0.0000
    5.0000E+05   0.00000E+00 0.0000
    1.3530E+06   0.00000E+00 0.0000
    3.6790E+06   0.00000E+00 0.0000
    1.0000E+07   0.00000E+00 0.0000
    1.0000E-05   2.72941E-10 0.1428
    1.5000E-02   5.38246E-09 0.0107
    3.0000E-02   7.61471E-10 0.0170
    5.0000E-02   6.45061E-10 0.0181
    8.0000E-02   6.71736E-10 0.0169
    1.0000E-01   3.49577E-10 0.0240
    1.4000E-01   5.78028E-10 0.0167
    1.8000E-01   4.99522E-10 0.0181
    2.5000E-01   7.39644E-10 0.0138
    3.2000E-01   6.51553E-10 0.0211
    4.0000E-01   6.63398E-10 0.0135
    6.2500E-01   1.58918E-09 0.0090
    8.5000E-01   1.37797E-09 0.0084
    9.5000E-01   5.63058E-10 0.0130
    9.7200E-01   1.16358E-10 0.0281
    1.0200E+00   2.56810E-10 0.0199
    1.0970E+00   4.12863E-10 0.0152
    1.1500E+00   2.75232E-10 0.0185
    1.3000E+00   7.63616E-10 0.0115
    2.1000E+00   3.52192E-09 0.0050
    2.6000E+00   1.78907E-09 0.0060
    3.3000E+00   1.85544E-09 0.0047
    4.0000E+00   1.30376E-09 0.0050
    9.8770E+00   4.78679E-09 0.0033
    1.5968E+01   1.36629E-10 0.0229
    4.8052E+01   1.26281E-12 0.2797
    1.4873E+02   0.00000E+00 0.0000
    9.1180E+03   0.00000E+00 0.0000
    4.0850E+04   0.00000E+00 0.0000
    5.0000E+05   0.00000E+00 0.0000
    1.3530E+06   0.00000E+00 0.0000
    3.6790E+06   0.00000E+00 0.0000
    1.0000E+07   0.00000E+00 0.0000
    1.0000E-05   3.66698E-10 0.2130
    1.5000E-02   7.21798E-09 0.0200
    3.0000E-02   1.03546E-09 0.0250
    5.0000E-02   8.79654E-10 0.0262
    8.0000E-02   9.38520E-10 0.0260
    1.0000E-01   4.76016E-10 0.0328
    1.4000E-01   8.30860E-10 0.0256
    1.8000E-01   6.75733E-10 0.0276
    2.5000E-01   9.81932E-10 0.0191
    3.2000E-01   8.91656E-10 0.0222
    4.0000E-01   9.29596E-10 0.0204
    6.2500E-01   2.23770E-09 0.0123
    8.5000E-01   1.97662E-09 0.0124
    9.5000E-01   8.28938E-10 0.0195
    9.7200E-01   1.77801E-10 0.0423
    1.0200E+00   3.71007E-10 0.0324
    1.0970E+00   6.02687E-10 0.0208
    1.1500E+00   4.01483E-10 0.0259
    1.3000E+00   1.13472E-09 0.0165
    2.1000E+00   5.28667E-09 0.0066
    2.6000E+00   2.69660E-09 0.0070
    3.3000E+00   2.74522E-09 0.0053
    4.0000E+00   1.88902E-09 0.0056
    9.8770E+00   6.27430E-09 0.0036
    1.5968E+01   1.75603E-10 0.0248
    4.8052E+01   1.56830E-12 0.2483
    1.4873E+02   0.00000E+00 0.0000
    9.1180E+03   0.00000E+00 0.0000
    4.0850E+04   0.00000E+00 0.0000
    5.0000E+05   0.00000E+00 0.0000
    1.3530E+06   0.00000E+00 0.0000
    3.6790E+06   0.00000E+00 0.0000
    1.0000E+07   0.00000E+00 0.0000
    1.0000E-05   5.10682E-10 0.1913
    1.5000E-02   1.44107E-08 0.0609
    3.0000E-02   1.94789E-09 0.0488
    5.0000E-02   1.53603E-09 0.0523
    8.0000E-02   1.72658E-09 0.0455
    1.0000E-01   8.88888E-10 0.0647
    1.4000E-01   1.49162E-09 0.0478
    1.8000E-01   1.38512E-09 0.0540
    2.5000E-01   2.02152E-09 0.0366
    3.2000E-01   1.76620E-09 0.0355
    4.0000E-01   1.80481E-09 0.0330
    6.2500E-01   4.56088E-09 0.0212
    8.5000E-01   4.01923E-09 0.0204
    9.5000E-01   1.62009E-09 0.0284
    9.7200E-01   3.78050E-10 0.0604
    1.0200E+00   7.77028E-10 0.0398
    1.0970E+00   1.31193E-09 0.0312
    1.1500E+00   9.25072E-10 0.0393
    1.3000E+00   2.32388E-09 0.0214
    2.1000E+00   1.10466E-08 0.0088
    2.6000E+00   5.37062E-09 0.0083
    3.3000E+00   5.34879E-09 0.0062
    4.0000E+00   3.50295E-09 0.0064
    9.8770E+00   9.53463E-09 0.0042
    1.5968E+01   2.18346E-10 0.0290
    4.8052E+01   2.05555E-12 0.3544
    1.4873E+02   0.00000E+00 0.0000
    9.1180E+03   0.00000E+00 0.0000
    4.0850E+04   0.00000E+00 0.0000
    5.0000E+05   0.00000E+00 0.0000
    1.3530E+06   0.00000E+00 0.0000
    3.6790E+06   0.00000E+00 0.0000
    1.0000E+07   0.00000E+00 0.0000
    1.0000E-05   6.18152E-08 0.6443
    1.5000E-02   3.98846E-08 0.0464
    3.0000E-02   5.02392E-09 0.0656
    5.0000E-02   4.51681E-09 0.0678
    8.0000E-02   5.08620E-09 0.0595
    1.0000E-01   2.12770E-09 0.0808
    1.4000E-01   4.64599E-09 0.0630
    1.8000E-01   3.75357E-09 0.0601
    2.5000E-01   5.77904E-09 0.0452
    3.2000E-01   5.23024E-09 0.0481
    4.0000E-01   5.13000E-09 0.0412
    6.2500E-01   1.30899E-08 0.0251
    8.5000E-01   1.23455E-08 0.0226
    9.5000E-01   5.01364E-09 0.0330
    9.7200E-01   9.79609E-10 0.0746
    1.0200E+00   2.38454E-09 0.0444
    1.0970E+00   3.53068E-09 0.0341
    1.1500E+00   2.31787E-09 0.0419
    1.3000E+00   6.68461E-09 0.0254
    2.1000E+00   2.84871E-08 0.0090
    2.6000E+00   1.28923E-08 0.0083
    3.3000E+00   1.26315E-08 0.0063
    4.0000E+00   7.70729E-09 0.0068
    9.8770E+00   1.64577E-08 0.0048
    1.5968E+01   2.96610E-10 0.0350
    4.8052E+01   2.16735E-12 0.3350
    1.4873E+02   0.00000E+00 0.0000
    9.1180E+03   0.00000E+00 0.0000
    4.0850E+04   0.00000E+00 0.0000
    5.0000E+05   0.00000E+00 0.0000
    1.3530E+06   0.00000E+00 0.0000
    3.6790E+06   0.00000E+00 0.0000
    1.0000E+07   0.00000E+00 0.0000
    1.0000E-05   2.82486E-08 0.2307
    1.5000E-02   7.65537E-08 0.0344
    3.0000E-02   1.01062E-08 0.0528
    5.0000E-02   6.81615E-09 0.0552
    8.0000E-02   8.22441E-09 0.0582
    1.0000E-01   4.29274E-09 0.0690
    1.4000E-01   7.30482E-09 0.0512
    1.8000E-01   6.03330E-09 0.0542
    2.5000E-01   1.02139E-08 0.0382
    3.2000E-01   8.81111E-09 0.0406
    4.0000E-01   9.50615E-09 0.0348
    6.2500E-01   2.26837E-08 0.0209
    8.5000E-01   2.12856E-08 0.0196
    9.5000E-01   8.25517E-09 0.0285
    9.7200E-01   1.66205E-09 0.0624
    1.0200E+00   3.37762E-09 0.0389
    1.0970E+00   5.38959E-09 0.0301
    1.1500E+00   3.72770E-09 0.0407
    1.3000E+00   1.05607E-08 0.0224
    2.1000E+00   4.48112E-08 0.0082
    2.6000E+00   1.94716E-08 0.0077
    3.3000E+00   1.85810E-08 0.0059
    4.0000E+00   1.14248E-08 0.0065
    9.8770E+00   2.15727E-08 0.0049
    1.5968E+01   3.37077E-10 0.0414
    4.8052E+01   1.49780E-12 0.5759
    1.4873E+02   0.00000E+00 0.0000
    9.1180E+03   0.00000E+00 0.0000
    4.0850E+04   0.00000E+00 0.0000
    5.0000E+05   0.00000E+00 0.0000
    1.3530E+06   0.00000E+00 0.0000
    3.6790E+06   0.00000E+00 0.0000
    1.0000E+07   0.00000E+00 0.0000
    1.0000E-05   5.93487E-08 0.3068
    1.5000E-02   7.88302E-08 0.0337
    3.0000E-02   1.04903E-08 0.0532
    5.0000E-02   7.59095E-09 0.0562
    8.0000E-02   9.18276E-09 0.0507
    1.0000E-01   3.87082E-09 0.0671
    1.4000E-01   8.16313E-09 0.0461
    1.8000E-01   5.85104E-09 0.0534
    2.5000E-01   1.01114E-08 0.0403
    3.2000E-01   8.83720E-09 0.0403
    4.0000E-01   1.01503E-08 0.0359
    6.2500E-01   2.29737E-08 0.0212
    8.5000E-01   2.14881E-08 0.0201
    9.5000E-01   8.39985E-09 0.0302
    9.7200E-01   1.63495E-09 0.0641
    1.0200E+00   3.16247E-09 0.0453
    1.0970E+00   5.46196E-09 0.0307
    1.1500E+00   4.03263E-09 0.0395
    1.3000E+00   1.06621E-08 0.0232
    2.1000E+00   4.40394E-08 0.0084
    2.6000E+00   1.90503E-08 0.0080
    3.3000E+00   1.84423E-08 0.0062
    4.0000E+00   1.09583E-08 0.0070
    9.8770E+00   1.97050E-08 0.0055
    1.5968E+01   2.51313E-10 0.0495
    4.8052E+01   9.31968E-13 0.5297
    1.4873E+02   0.00000E+00 0.0000
    9.1180E+03   0.00000E+00 0.0000
    4.0850E+04   0.00000E+00 0.0000
    5.0000E+05   0.00000E+00 0.0000
    1.3530E+06   0.00000E+00 0.0000
    3.6790E+06   0.00000E+00 0.0000
    1.0000E+07   0.00000E+00 0.0000
    1.0000E-05   2.27286E-08 0.2444
    1.5000E-02   3.62917E-08 0.0496
    3.0000E-02   3.92577E-09 0.0814
    5.0000E-02   3.15417E-09 0.0915
    8.0000E-02   4.48621E-09 0.0760
    1.0000E-01   1.95831E-09 0.1008
    1.4000E-01   4.66278E-09 0.0698
    1.8000E-01   2.87744E-09 0.0781
    2.5000E-01   4.43327E-09 0.0596
    3.2000E-01   3.94511E-09 0.0622
    4.0000E-01   4.64801E-09 0.0540
    6.2500E-01   1.12529E-08 0.0328
    8.5000E-01   1.01110E-08 0.0303
    9.5000E-01   3.77890E-09 0.0450
    9.7200E-01   8.01559E-10 0.0916
    1.0200E+00   1.50093E-09 0.0628
    1.0970E+00   2.56553E-09 0.0470
    1.1500E+00   1.88502E-09 0.0596
    1.3000E+00   4.99490E-09 0.0356
    2.1000E+00   2.06470E-08 0.0125
    2.6000E+00   8.81802E-09 0.0122
    3.3000E+00   8.23439E-09 0.0095
    4.0000E+00   4.95704E-09 0.0107
    9.8770E+00   8.82478E-09 0.0084
    1.5968E+01   1.21912E-10 0.0759
    4.8052E+01   5.90594E-13 0.6297
    1.4873E+02   0.00000E+00 0.0000
    9.1180E+03   0.00000E+00 0.0000
    4.0850E+04   0.00000E+00 0.0000
    5.0000E+05   0.00000E+00 0.0000
    1.3530E+06   0.00000E+00 0.0000
    3.6790E+06   0.00000E+00 0.0000
    1.0000E+07   0.00000E+00 0.0000
