1.58639E-05 0.2501
5.91975E-05 0.1293
7.50615E-05 0.1148
2.78181E-05 0.1890
8.05053E-05 0.1111
1.08323E-04 0.0958
3.23327E-05 0.1737
1.19952E-04 0.0910
1.52285E-04 0.0806
3.57049E-05 0.1667
1.43013E-04 0.0834
1.78718E-04 0.0746
3.88001E-05 0.1590
1.55586E-04 0.0801
1.94386E-04 0.0715
3.29779E-05 0.1722
1.54490E-04 0.0803
1.87468E-04 0.0728
2.54470E-05 0.1942
1.32159E-04 0.0867
1.57606E-04 0.0792
1.58104E-05 0.2501
9.83087E-05 0.1006
1.14119E-04 0.0933
1.93439E-05 0.2250
6.95717E-05 0.1196
8.89156E-05 0.1056
2.33290E-05 0.2045
6.75786E-05 0.1213
9.09076E-05 0.1044
2.78130E-05 0.1890
1.20223E-04 0.0909
1.48036E-04 0.0819
3.66293E-05 0.1645
1.63603E-04 0.0781
2.00232E-04 0.0705
3.60713E-05 0.1652
2.17488E-04 0.0682
2.53559E-04 0.0631
4.47461E-05 0.1491
2.31733E-04 0.0655
2.76479E-04 0.0600
3.77585E-05 0.1607
2.02483E-04 0.0702
2.40241E-04 0.0643
3.84117E-05 0.1604
1.77017E-04 0.0750
2.15428E-04 0.0679
2.28889E-05 0.2085
1.09437E-04 0.0954
1.32326E-04 0.0867
1.95607E-05 0.2245
6.63846E-05 0.1223
8.59452E-05 0.1074
1.90677E-05 0.2250
7.86751E-05 0.1125
9.77428E-05 0.1007
2.67118E-05 0.1926
1.25152E-04 0.0891
1.51864E-04 0.0809
4.71925E-05 0.1446
2.00028E-04 0.0705
2.47221E-04 0.0634
5.20632E-05 0.1375
2.86953E-04 0.0589
3.39016E-04 0.0542
5.90406E-05 0.1288
3.60783E-04 0.0526
4.19824E-04 0.0487
4.46198E-05 0.1491
2.74226E-04 0.0603
3.18845E-04 0.0559
5.39519E-05 0.1352
2.07342E-04 0.0692
2.61294E-04 0.0616
2.26308E-05 0.2065
1.14298E-04 0.0933
1.36929E-04 0.0850
2.61069E-05 0.1936
8.72586E-05 0.1067
1.13366E-04 0.0934
2.67717E-05 0.1925
8.95555E-05 0.1054
1.16327E-04 0.0925
2.99230E-05 0.1826
1.56218E-04 0.0798
1.86141E-04 0.0731
4.04251E-05 0.1564
2.28929E-04 0.0660
2.69354E-04 0.0608
7.36963E-05 0.1146
4.88485E-04 0.0452
5.62182E-04 0.0420
7.66582E-05 0.1140
1.19960E-03 0.0289
1.27626E-03 0.0280
5.86553E-05 0.1302
4.83303E-04 0.0454
5.41958E-04 0.0429
4.77036E-05 0.1429
2.54214E-04 0.0629
3.01917E-04 0.0575
2.83362E-05 0.1860
1.77128E-04 0.0750
2.05464E-04 0.0695
2.42498E-05 0.2011
8.34460E-05 0.1091
1.07696E-04 0.0959
1.79667E-05 0.2357
1.06807E-04 0.0967
1.24774E-04 0.0894
4.41473E-05 0.1493
1.56743E-04 0.0796
2.00890E-04 0.0702
3.97507E-05 0.1581
2.48997E-04 0.0633
2.88747E-04 0.0587
6.39521E-05 0.1243
7.32292E-04 0.0369
7.96244E-04 0.0354
1.18026E-04 0.0918
2.00175E-03 0.0223
2.11978E-03 0.0217
6.34234E-05 0.1251
7.39350E-04 0.0367
8.02773E-04 0.0352
5.45947E-05 0.1343
2.39979E-04 0.0644
2.94574E-04 0.0581
4.07978E-05 0.1555
1.56920E-04 0.0796
1.97718E-04 0.0709
2.63178E-05 0.1914
1.00792E-04 0.1005
1.27110E-04 0.0890
2.24747E-05 0.2089
7.80741E-05 0.1126
1.00549E-04 0.0991
3.24766E-05 0.1726
1.39834E-04 0.0843
1.72311E-04 0.0757
3.96384E-05 0.1582
2.31623E-04 0.0655
2.71262E-04 0.0605
7.06482E-05 0.1183
4.85599E-04 0.0453
5.56248E-04 0.0423
8.28965E-05 0.1092
1.19356E-03 0.0289
1.27645E-03 0.0279
6.62732E-05 0.1218
4.55781E-04 0.0467
5.22054E-04 0.0436
4.90983E-05 0.1417
2.04087E-04 0.0699
2.53186E-04 0.0627
3.40224E-05 0.1698
1.79378E-04 0.0746
2.13400E-04 0.0683
2.65950E-05 0.1925
1.03215E-04 0.0981
1.29810E-04 0.0874
1.96703E-05 0.2221
8.94552E-05 0.1055
1.09126E-04 0.0953
2.94917E-05 0.1810
1.18615E-04 0.0917
1.48106E-04 0.0818
3.25709E-05 0.1742
1.81303E-04 0.0741
2.13874E-04 0.0682
5.96569E-05 0.1291
2.94618E-04 0.0583
3.54275E-04 0.0532
7.15249E-05 0.1172
3.95591E-04 0.0502
4.67116E-04 0.0461
5.47719E-05 0.1348
2.90804E-04 0.0585
3.45576E-04 0.0537
3.83675E-05 0.1603
1.81432E-04 0.0741
2.19799E-04 0.0673
2.90882E-05 0.1834
1.09282E-04 0.0954
1.38370E-04 0.0846
2.15155E-05 0.2136
7.75132E-05 0.1133
9.90286E-05 0.1001
1.53136E-05 0.2482
8.06328E-05 0.1111
9.59465E-05 0.1014
3.45534E-05 0.1691
9.56322E-05 0.1021
1.30186E-04 0.0874
4.14697E-05 0.1536
1.62132E-04 0.0783
2.03602E-04 0.0698
3.45210E-05 0.1674
1.98890E-04 0.0707
2.33411E-04 0.0652
4.47391E-05 0.1476
2.36498E-04 0.0648
2.81237E-04 0.0594
5.05990E-05 0.1401
2.09969E-04 0.0689
2.60568E-04 0.0618
3.20377E-05 0.1750
1.53192E-04 0.0804
1.85230E-04 0.0731
3.07201E-05 0.1797
1.13402E-04 0.0937
1.44122E-04 0.0831
1.97713E-05 0.2212
7.01565E-05 0.1188
8.99279E-05 0.1047
1.26779E-05 0.2782
5.76854E-05 0.1314
7.03632E-05 0.1188
2.03855E-05 0.2195
8.07723E-05 0.1106
1.01158E-04 0.0988
4.43025E-05 0.1483
1.18156E-04 0.0917
1.62458E-04 0.0780
3.64016E-05 0.1645
1.35817E-04 0.0857
1.72219E-04 0.0760
2.54598E-05 0.1965
1.75260E-04 0.0754
2.00720E-04 0.0704
2.48214E-05 0.1981
1.29377E-04 0.0877
1.54198E-04 0.0802
4.13927E-05 0.1546
1.17320E-04 0.0921
1.58712E-04 0.0791
2.72559E-05 0.1899
1.03303E-04 0.0978
1.30559E-04 0.0869
1.45418E-05 0.2594
6.15562E-05 0.1270
7.60979E-05 0.1141
