 2   1.00000000e-07   3.67997000e+00   3.50000000e-03 
 2   1.50000000e-07   4.25897000e+00   3.50000000e-03 
 2   2.00000000e-07   4.43152000e+00   3.50000000e-03 
 2   2.50000000e-07   4.58826000e+00   3.50000000e-03 
 2   3.25000000e-07   4.81025000e+00   3.50000000e-03 
 2   3.50000000e-07   4.89756000e+00   3.50000000e-03 
 2   3.75000000e-07   4.89091000e+00   3.50000000e-03 
 2   4.50000000e-07   4.96301000e+00   3.50000000e-03 
 2   6.25000000e-07   5.09267000e+00   3.40000000e-03 
 2   1.01000000e-06   5.15770000e+00   3.40000000e-03 
 2   1.08000000e-06   5.14219000e+00   3.40000000e-03 
 2   1.13000000e-06   5.15149000e+00   3.40000000e-03 
 2   5.00000000e-06   4.80313000e+00   3.20000000e-03 
 2   6.25000000e-06   4.70698000e+00   3.20000000e-03 
 2   6.50000000e-06   4.70284000e+00   3.20000000e-03 
 2   6.88000000e-06   4.67777000e+00   3.20000000e-03 
 2   7.00000000e-06   4.66642000e+00   3.20000000e-03 
 2   2.05000000e-05   4.10535000e+00   3.10000000e-03 
 2   2.12000000e-05   4.11414000e+00   3.10000000e-03 
 2   2.18000000e-05   4.09175000e+00   3.10000000e-03 
 2   3.60000000e-05   3.79729000e+00   3.00000000e-03 
 2   3.71000000e-05   3.78066000e+00   3.00000000e-03 
 2   6.50000000e-05   3.47746000e+00   3.00000000e-03 
 2   6.75000000e-05   3.45630000e+00   3.00000000e-03 
 2   1.01000000e-04   3.23409000e+00   3.00000000e-03 
 2   1.05000000e-04   3.22257000e+00   2.80000000e-03 
 2   1.16000000e-04   3.17314000e+00   2.80000000e-03 
 2   1.18000000e-04   3.16194000e+00   2.80000000e-03 
 2   1.88000000e-04   2.92043000e+00   2.90000000e-03 
 2   1.92000000e-04   2.91527000e+00   2.90000000e-03 
 2   2.25000000e-03   1.87767000e+00   2.90000000e-03 
 2   3.74000000e-03   1.72119000e+00   2.80000000e-03 
 2   1.70000000e-02   1.27591000e+00   2.70000000e-03 
 2   2.00000000e-02   1.23987000e+00   2.70000000e-03 
 2   5.00000000e-02   1.00426000e+00   2.90000000e-03 
 2   2.00000000e-01   6.46121000e-01   2.90000000e-03 
 2   2.70000000e-01   5.73238000e-01   3.10000000e-03 
 2   3.30000000e-01   5.08091000e-01   3.10000000e-03 
 2   4.70000000e-01   4.05389000e-01   2.90000000e-03 
 2   6.00000000e-01   3.39416000e-01   3.00000000e-03 
 2   7.50000000e-01   2.86787000e-01   3.20000000e-03 
 2   8.61000000e-01   2.55292000e-01   3.30000000e-03 
 2   1.20000000e+00   1.92767000e-01   3.30000000e-03 
 2   1.50000000e+00   1.56165000e-01   3.30000000e-03 
 2   1.85000000e+00   1.27329000e-01   3.30000000e-03 
 2   3.00000000e+00   7.61274000e-02   4.00000000e-03 
 2   4.30000000e+00   4.89974000e-02   4.10000000e-03 
 2   6.43000000e+00   3.12731000e-02   4.20000000e-03 
 2   2.00000000e+01   2.17241000e-02   5.20000000e-03 
 3   1.00000000e-07   1.38100000e+00   3.20000000e-03 
 3   1.50000000e-07   1.65765000e+00   3.20000000e-03 
 3   2.00000000e-07   1.77794000e+00   3.10000000e-03 
 3   2.50000000e-07   1.87035000e+00   3.20000000e-03 
 3   3.25000000e-07   2.03443000e+00   3.10000000e-03 
 3   3.50000000e-07   2.07474000e+00   3.20000000e-03 
 3   3.75000000e-07   2.10043000e+00   3.20000000e-03 
 3   4.50000000e-07   2.16469000e+00   3.20000000e-03 
 3   6.25000000e-07   2.29829000e+00   3.10000000e-03 
 3   1.01000000e-06   2.46224000e+00   3.20000000e-03 
 3   1.08000000e-06   2.47272000e+00   3.10000000e-03 
 3   1.13000000e-06   2.49403000e+00   3.10000000e-03 
 3   5.00000000e-06   2.74254000e+00   3.10000000e-03 
 3   6.25000000e-06   2.74876000e+00   3.10000000e-03 
 3   6.50000000e-06   2.76296000e+00   3.00000000e-03 
 3   6.88000000e-06   2.77325000e+00   3.00000000e-03 
 3   7.00000000e-06   2.75766000e+00   3.00000000e-03 
 3   2.05000000e-05   2.75638000e+00   3.00000000e-03 
 3   2.12000000e-05   2.75200000e+00   3.00000000e-03 
 3   2.18000000e-05   2.74291000e+00   3.00000000e-03 
 3   3.60000000e-05   2.70664000e+00   2.90000000e-03 
 3   3.71000000e-05   2.70082000e+00   2.90000000e-03 
 3   6.50000000e-05   2.63481000e+00   2.90000000e-03 
 3   6.75000000e-05   2.63175000e+00   2.90000000e-03 
 3   1.01000000e-04   2.57983000e+00   2.90000000e-03 
 3   1.05000000e-04   2.57185000e+00   2.80000000e-03 
 3   1.16000000e-04   2.55539000e+00   2.80000000e-03 
 3   1.18000000e-04   2.54761000e+00   2.80000000e-03 
 3   1.88000000e-04   2.47287000e+00   2.80000000e-03 
 3   1.92000000e-04   2.48503000e+00   2.80000000e-03 
 3   2.25000000e-03   2.05595000e+00   2.80000000e-03 
 3   3.74000000e-03   1.96846000e+00   2.70000000e-03 
 3   1.70000000e-02   1.73703000e+00   2.70000000e-03 
 3   2.00000000e-02   1.70775000e+00   2.70000000e-03 
 3   5.00000000e-02   1.56364000e+00   2.80000000e-03 
 3   2.00000000e-01   1.27626000e+00   2.70000000e-03 
 3   2.70000000e-01   1.18779000e+00   2.80000000e-03 
 3   3.30000000e-01   1.11891000e+00   2.80000000e-03 
 3   4.70000000e-01   9.82652000e-01   2.70000000e-03 
 3   6.00000000e-01   8.81283000e-01   2.80000000e-03 
 3   7.50000000e-01   7.84251000e-01   2.90000000e-03 
 3   8.61000000e-01   7.24834000e-01   3.00000000e-03 
 3   1.20000000e+00   5.86064000e-01   2.90000000e-03 
 3   1.50000000e+00   5.02356000e-01   2.90000000e-03 
 3   1.85000000e+00   4.21662000e-01   2.90000000e-03 
 3   3.00000000e+00   2.72783000e-01   3.40000000e-03 
 3   4.30000000e+00   1.85647000e-01   3.40000000e-03 
 3   6.43000000e+00   1.23579000e-01   3.40000000e-03 
 3   2.00000000e+01   7.36087000e-02   4.90000000e-03 
 5   1.00000000e-07   2.55073000e-01   3.00000000e-03 
 5   1.50000000e-07   3.07243000e-01   3.10000000e-03 
 5   2.00000000e-07   3.32577000e-01   3.00000000e-03 
 5   2.50000000e-07   3.48628000e-01   3.10000000e-03 
 5   3.25000000e-07   3.86179000e-01   3.10000000e-03 
 5   3.50000000e-07   3.95309000e-01   3.10000000e-03 
 5   3.75000000e-07   4.00396000e-01   3.10000000e-03 
 5   4.50000000e-07   4.19418000e-01   3.30000000e-03 
 5   6.25000000e-07   4.52293000e-01   3.20000000e-03 
 5   1.01000000e-06   4.95096000e-01   3.20000000e-03 
 5   1.08000000e-06   5.00548000e-01   3.20000000e-03 
 5   1.13000000e-06   5.07906000e-01   3.30000000e-03 
 5   5.00000000e-06   6.23298000e-01   3.30000000e-03 
 5   6.25000000e-06   6.34870000e-01   3.30000000e-03 
 5   6.50000000e-06   6.40306000e-01   3.30000000e-03 
 5   6.88000000e-06   6.42789000e-01   3.30000000e-03 
 5   7.00000000e-06   6.46333000e-01   3.30000000e-03 
 5   2.05000000e-05   7.10391000e-01   3.30000000e-03 
 5   2.12000000e-05   7.08202000e-01   3.30000000e-03 
 5   2.18000000e-05   7.12520000e-01   3.30000000e-03 
 5   3.60000000e-05   7.31652000e-01   3.30000000e-03 
 5   3.71000000e-05   7.36883000e-01   3.40000000e-03 
 5   6.50000000e-05   7.56730000e-01   3.30000000e-03 
 5   6.75000000e-05   7.55605000e-01   3.30000000e-03 
 5   1.01000000e-04   7.66123000e-01   3.30000000e-03 
 5   1.05000000e-04   7.69528000e-01   3.30000000e-03 
 5   1.16000000e-04   7.75489000e-01   3.30000000e-03 
 5   1.18000000e-04   7.74796000e-01   3.30000000e-03 
 5   1.88000000e-04   7.88116000e-01   3.30000000e-03 
 5   1.92000000e-04   7.88022000e-01   3.40000000e-03 
 5   2.25000000e-03   8.34379000e-01   3.30000000e-03 
 5   3.74000000e-03   8.40235000e-01   3.30000000e-03 
 5   1.70000000e-02   8.62740000e-01   3.30000000e-03 
 5   2.00000000e-02   8.69684000e-01   3.40000000e-03 
 5   5.00000000e-02   9.04422000e-01   3.20000000e-03 
 5   2.00000000e-01   9.92735000e-01   3.10000000e-03 
 5   2.70000000e-01   9.99226000e-01   3.10000000e-03 
 5   3.30000000e-01   1.01372000e+00   3.20000000e-03 
 5   4.70000000e-01   1.00032000e+00   3.10000000e-03 
 5   6.00000000e-01   9.87328000e-01   3.10000000e-03 
 5   7.50000000e-01   9.55095000e-01   3.20000000e-03 
 5   8.61000000e-01   9.23077000e-01   3.20000000e-03 
 5   1.20000000e+00   8.49875000e-01   3.20000000e-03 
 5   1.50000000e+00   7.86237000e-01   3.20000000e-03 
 5   1.85000000e+00   7.16382000e-01   3.10000000e-03 
 5   3.00000000e+00   5.41797000e-01   3.50000000e-03 
 5   4.30000000e+00   4.11809000e-01   3.50000000e-03 
 5   6.43000000e+00   3.02718000e-01   3.40000000e-03 
 5   2.00000000e+01   1.48298000e-01   5.00000000e-03 
 8   1.00000000e-07   2.72794000e-02   2.15000000e-02 
 8   1.50000000e-07   3.26093000e-02   2.44000000e-02 
 8   2.00000000e-07   3.61397000e-02   2.98000000e-02 
 8   2.50000000e-07   3.55599000e-02   3.09000000e-02 
 8   3.25000000e-07   4.08131000e-02   3.51000000e-02 
