 0   4.00000000e-09   4.76533000e+00   1.04000000e-02 
 0   1.00000000e-08   4.95332000e+00   1.02000000e-02 
 0   2.53000000e-08   5.00612000e+00   1.01000000e-02 
 0   4.00000000e-08   5.01847000e+00   1.00000000e-02 
 0   5.00000000e-08   4.95407000e+00   1.01000000e-02 
 0   6.00000000e-08   4.90849000e+00   1.01000000e-02 
 0   8.00000000e-08   4.87689000e+00   1.01000000e-02 
 0   1.00000000e-07   4.77768000e+00   1.01000000e-02 
 0   1.50000000e-07   4.65537000e+00   1.01000000e-02 
 0   2.00000000e-07   4.48596000e+00   1.02000000e-02 
 0   2.50000000e-07   4.36446000e+00   1.02000000e-02 
 0   3.25000000e-07   4.22960000e+00   1.02000000e-02 
 0   3.50000000e-07   4.12125000e+00   1.02000000e-02 
 0   3.75000000e-07   4.06243000e+00   1.02000000e-02 
 0   4.50000000e-07   3.98122000e+00   1.02000000e-02 
 0   6.25000000e-07   3.79670000e+00   1.02000000e-02 
 0   1.01000000e-06   3.45461000e+00   1.03000000e-02 
 0   1.08000000e-06   3.26485000e+00   1.03000000e-02 
 0   1.13000000e-06   3.21833000e+00   1.04000000e-02 
 0   5.00000000e-06   2.46911000e+00   1.07000000e-02 
 0   6.25000000e-06   1.96698000e+00   1.10000000e-02 
 0   6.50000000e-06   1.88239000e+00   1.11000000e-02 
 0   6.88000000e-06   1.85016000e+00   1.11000000e-02 
 0   7.00000000e-06   1.83075000e+00   1.12000000e-02 
 0   2.05000000e-05   1.45450000e+00   1.17000000e-02 
 0   2.12000000e-05   1.13964000e+00   1.26000000e-02 
 0   2.18000000e-05   1.21347000e+00   1.22000000e-02 
 0   3.60000000e-05   1.03801000e+00   1.29000000e-02 
 0   3.71000000e-05   9.38889000e-01   1.32000000e-02 
 0   6.50000000e-05   8.38688000e-01   1.38000000e-02 
 0   6.75000000e-05   7.71767000e-01   1.42000000e-02 
 0   1.01000000e-04   7.08679000e-01   1.47000000e-02 
 0   1.05000000e-04   6.68792000e-01   1.49000000e-02 
 0   1.16000000e-04   6.50310000e-01   1.50000000e-02 
 0   1.18000000e-04   6.36939000e-01   1.52000000e-02 
 0   1.88000000e-04   5.69692000e-01   1.59000000e-02 
 0   1.92000000e-04   5.22726000e-01   1.62000000e-02 
 0   2.25000000e-03   2.61054000e-01   2.13000000e-02 
 0   3.74000000e-03   1.60667000e-01   2.60000000e-02 
 0   1.70000000e-02   9.66876000e-02   3.17000000e-02 
 0   2.00000000e-02   7.25196000e-02   3.67000000e-02 
 0   5.00000000e-02   5.49090000e-02   4.12000000e-02 
 0   2.00000000e-01   4.27587000e-02   4.12000000e-02 
 0   2.70000000e-01   8.41287000e-02   1.80000000e-02 
 0   3.30000000e-01   5.30127000e-02   2.27000000e-02 
 0   4.70000000e-01   2.51358000e-02   3.58000000e-02 
 0   6.00000000e-01   1.65885000e-02   4.97000000e-02 
 0   7.50000000e-01   1.31924000e-02   4.87000000e-02 
 0   8.61000000e-01   1.12448000e-02   4.78000000e-02 
 0   1.20000000e+00   9.51717000e-03   4.71000000e-02 
 0   1.50000000e+00   8.27714000e-03   4.58000000e-02 
 0   1.85000000e+00   7.39415000e-03   1.94000000e-02 
 0   3.00000000e+00   6.78013000e-03   7.44000000e-02 
 0   4.30000000e+00   4.35336000e-03   8.29000000e-02 
 0   6.43000000e+00   2.78686000e-03   5.54000000e-02 
 0   2.00000000e+01   1.13504000e-03   2.81000000e-02 
 2   4.00000000e-09   1.54461000e+00   3.80000000e-03 
 2   1.00000000e-08   1.89547000e+00   3.40000000e-03 
 2   2.53000000e-08   2.39038000e+00   3.10000000e-03 
 2   4.00000000e-08   2.79564000e+00   2.80000000e-03 
 2   5.00000000e-08   3.10092000e+00   2.70000000e-03 
 2   6.00000000e-08   3.33144000e+00   2.60000000e-03 
 2   8.00000000e-08   3.68453000e+00   2.50000000e-03 
 2   1.00000000e-07   4.07036000e+00   2.40000000e-03 
 2   1.50000000e-07   4.65562000e+00   2.20000000e-03 
 2   2.00000000e-07   5.08210000e+00   2.10000000e-03 
 2   2.50000000e-07   5.25371000e+00   2.10000000e-03 
 2   3.25000000e-07   5.52200000e+00   2.10000000e-03 
 2   3.50000000e-07   5.66999000e+00   2.00000000e-03 
 2   3.75000000e-07   5.74925000e+00   2.00000000e-03 
 2   4.50000000e-07   5.82158000e+00   2.00000000e-03 
 2   6.25000000e-07   5.97210000e+00   2.00000000e-03 
 2   1.01000000e-06   6.10136000e+00   2.00000000e-03 
 2   1.08000000e-06   6.15783000e+00   2.00000000e-03 
 2   1.13000000e-06   6.20014000e+00   1.90000000e-03 
 2   5.00000000e-06   6.05851000e+00   1.90000000e-03 
 2   6.25000000e-06   5.88779000e+00   1.90000000e-03 
 2   6.50000000e-06   5.82141000e+00   1.90000000e-03 
 2   6.88000000e-06   5.82212000e+00   2.00000000e-03 
 2   7.00000000e-06   5.78830000e+00   2.00000000e-03 
 2   2.05000000e-05   5.49676000e+00   2.00000000e-03 
 2   2.12000000e-05   5.24718000e+00   2.00000000e-03 
 2   2.18000000e-05   5.22580000e+00   2.00000000e-03 
 2   3.60000000e-05   5.03854000e+00   2.00000000e-03 
 2   3.71000000e-05   4.88343000e+00   2.10000000e-03 
 2   6.50000000e-05   4.67826000e+00   2.10000000e-03 
 2   6.75000000e-05   4.48993000e+00   2.10000000e-03 
 2   1.01000000e-04   4.35897000e+00   2.20000000e-03 
 2   1.05000000e-04   4.21727000e+00   2.20000000e-03 
 2   1.16000000e-04   4.17888000e+00   2.20000000e-03 
 2   1.18000000e-04   4.15268000e+00   2.20000000e-03 
 2   1.88000000e-04   3.99088000e+00   2.30000000e-03 
 2   1.92000000e-04   3.85962000e+00   2.30000000e-03 
 2   2.25000000e-03   2.93564000e+00   2.60000000e-03 
 2   3.74000000e-03   2.47517000e+00   2.80000000e-03 
 2   1.70000000e-02   1.99273000e+00   3.10000000e-03 
 2   2.00000000e-02   1.75130000e+00   3.30000000e-03 
 2   5.00000000e-02   1.54717000e+00   3.50000000e-03 
 2   2.00000000e-01   1.10212000e+00   4.10000000e-03 
 2   2.70000000e-01   8.43948000e-01   4.70000000e-03 
 2   3.30000000e-01   7.43299000e-01   5.00000000e-03 
 2   4.70000000e-01   6.28183000e-01   5.40000000e-03 
 2   6.00000000e-01   5.12660000e-01   6.00000000e-03 
 2   7.50000000e-01   4.27526000e-01   6.60000000e-03 
 2   8.61000000e-01   3.71875000e-01   7.10000000e-03 
 2   1.20000000e+00   3.05976000e-01   7.80000000e-03 
 2   1.50000000e+00   2.40725000e-01   8.70000000e-03 
 2   1.85000000e+00   1.95858000e-01   9.70000000e-03 
 2   3.00000000e+00   1.32346000e-01   1.15000000e-02 
 2   4.30000000e+00   8.03752000e-02   1.46000000e-02 
 2   6.43000000e+00   5.31610000e-02   1.84000000e-02 
 2   2.00000000e+01   2.07817000e-02   2.95000000e-02 
 3   4.00000000e-09   5.90063000e-01   4.40000000e-03 
 3   1.00000000e-08   7.37309000e-01   3.90000000e-03 
 3   2.53000000e-08   9.33624000e-01   3.50000000e-03 
 3   4.00000000e-08   1.11897000e+00   3.20000000e-03 
 3   5.00000000e-08   1.25166000e+00   3.00000000e-03 
 3   6.00000000e-08   1.35721000e+00   2.90000000e-03 
 3   8.00000000e-08   1.51828000e+00   2.80000000e-03 
 3   1.00000000e-07   1.75455000e+00   2.60000000e-03 
 3   1.50000000e-07   2.11174000e+00   2.40000000e-03 
 3   2.00000000e-07   2.43069000e+00   2.20000000e-03 
 3   2.50000000e-07   2.56552000e+00   2.10000000e-03 
 3   3.25000000e-07   2.79454000e+00   2.10000000e-03 
 3   3.50000000e-07   2.96337000e+00   2.00000000e-03 
 3   3.75000000e-07   3.01106000e+00   2.00000000e-03 
 3   4.50000000e-07   3.09234000e+00   2.00000000e-03 
 3   6.25000000e-07   3.27184000e+00   1.90000000e-03 
 3   1.01000000e-06   3.51913000e+00   1.80000000e-03 
 3   1.08000000e-06   3.65917000e+00   1.80000000e-03 
 3   1.13000000e-06   3.67690000e+00   1.80000000e-03 
 3   5.00000000e-06   3.95595000e+00   1.70000000e-03 
 3   6.25000000e-06   4.05984000e+00   1.70000000e-03 
 3   6.50000000e-06   4.08879000e+00   1.70000000e-03 
 3   6.88000000e-06   4.08927000e+00   1.70000000e-03 
 3   7.00000000e-06   4.08991000e+00   1.70000000e-03 
 3   2.05000000e-05   4.10981000e+00   1.70000000e-03 
 3   2.12000000e-05   4.07349000e+00   1.70000000e-03 
 3   2.18000000e-05   4.05402000e+00   1.70000000e-03 
 3   3.60000000e-05   4.02566000e+00   1.70000000e-03 
 3   3.71000000e-05   4.00377000e+00   1.70000000e-03 
 3   6.50000000e-05   3.93186000e+00   1.70000000e-03 
 3   6.75000000e-05   3.88630000e+00   1.70000000e-03 
 3   1.01000000e-04   3.83737000e+00   1.70000000e-03 
 3   1.05000000e-04   3.79183000e+00   1.70000000e-03 
 3   1.16000000e-04   3.76918000e+00   1.80000000e-03 
 3   1.18000000e-04   3.75442000e+00   1.70000000e-03 
 3   1.88000000e-04   3.69023000e+00   1.80000000e-03 
 3   1.92000000e-04   3.64045000e+00   1.80000000e-03 
 3   2.25000000e-03   3.22150000e+00   1.90000000e-03 
 3   3.74000000e-03   2.98065000e+00   2.00000000e-03 
 3   1.70000000e-02   2.68326000e+00   2.10000000e-03 
 3   2.00000000e-02   2.54232000e+00   2.10000000e-03 
 3   5.00000000e-02   2.42009000e+00   2.20000000e-03 
 3   2.00000000e-01   2.13427000e+00   2.30000000e-03 
 3   2.70000000e-01   1.91564000e+00   2.40000000e-03 
 3   3.30000000e-01   1.81100000e+00   2.50000000e-03 
 3   4.70000000e-01   1.66740000e+00   2.60000000e-03 
 3   6.00000000e-01   1.49239000e+00   2.70000000e-03 
 3   7.50000000e-01   1.33916000e+00   2.90000000e-03 
 3   8.61000000e-01   1.21980000e+00   3.00000000e-03 
 3   1.20000000e+00   1.05560000e+00   3.30000000e-03 
 3   1.50000000e+00   8.89903000e-01   3.50000000e-03 
 3   1.85000000e+00   7.60108000e-01   3.90000000e-03 
 3   3.00000000e+00   5.59219000e-01   4.50000000e-03 
 3   4.30000000e+00   3.71586000e-01   5.50000000e-03 
 3   6.43000000e+00   2.53276000e-01   6.60000000e-03 
 3   2.00000000e+01   1.02881000e-01   1.03000000e-02 
 5   4.00000000e-09   1.08923000e-01   6.60000000e-03 
 5   1.00000000e-08   1.35733000e-01   5.90000000e-03 
 5   2.53000000e-08   1.73277000e-01   5.30000000e-03 
 5   4.00000000e-08   2.07258000e-01   4.80000000e-03 
 5   5.00000000e-08   2.31139000e-01   4.60000000e-03 
 5   6.00000000e-08   2.51431000e-01   4.40000000e-03 
 5   8.00000000e-08   2.82427000e-01   4.20000000e-03 
 5   1.00000000e-07   3.24449000e-01   3.90000000e-03 
 5   1.50000000e-07   3.92735000e-01   3.60000000e-03 
 5   2.00000000e-07   4.55197000e-01   3.30000000e-03 
 5   2.50000000e-07   4.86494000e-01   3.20000000e-03 
 5   3.25000000e-07   5.33946000e-01   3.10000000e-03 
 5   3.50000000e-07   5.75093000e-01   3.00000000e-03 
 5   3.75000000e-07   5.86638000e-01   3.00000000e-03 
 5   4.50000000e-07   6.08560000e-01   2.90000000e-03 
 5   6.25000000e-07   6.49128000e-01   2.90000000e-03 
 5   1.01000000e-06   7.21678000e-01   2.70000000e-03 
 5   1.08000000e-06   7.59289000e-01   2.70000000e-03 
 5   1.13000000e-06   7.67733000e-01   2.70000000e-03 
 5   5.00000000e-06   8.88578000e-01   2.50000000e-03 
 5   6.25000000e-06   9.60923000e-01   2.40000000e-03 
 5   6.50000000e-06   9.77854000e-01   2.40000000e-03 
 5   6.88000000e-06   9.82509000e-01   2.40000000e-03 
 5   7.00000000e-06   9.84055000e-01   2.40000000e-03 
 5   2.05000000e-05   1.03835000e+00   2.40000000e-03 
 5   2.12000000e-05   1.07290000e+00   2.30000000e-03 
 5   2.18000000e-05   1.07701000e+00   2.30000000e-03 
 5   3.60000000e-05   1.08849000e+00   2.30000000e-03 
 5   3.71000000e-05   1.10216000e+00   2.30000000e-03 
 5   6.50000000e-05   1.12147000e+00   2.30000000e-03 
 5   6.75000000e-05   1.12947000e+00   2.30000000e-03 
 5   1.01000000e-04   1.14055000e+00   2.30000000e-03 
 5   1.05000000e-04   1.15032000e+00   2.30000000e-03 
 5   1.16000000e-04   1.14945000e+00   2.30000000e-03 
 5   1.18000000e-04   1.14968000e+00   2.30000000e-03 
 5   1.88000000e-04   1.16655000e+00   2.30000000e-03 
 5   1.92000000e-04   1.16432000e+00   2.30000000e-03 
 5   2.25000000e-03   1.20739000e+00   2.20000000e-03 
 5   3.74000000e-03   1.22072000e+00   2.20000000e-03 
 5   1.70000000e-02   1.25308000e+00   2.20000000e-03 
 5   2.00000000e-02   1.26952000e+00   2.20000000e-03 
 5   5.00000000e-02   1.31726000e+00   2.20000000e-03 
 5   2.00000000e-01   1.48246000e+00   2.00000000e-03 
 5   2.70000000e-01   1.61410000e+00   1.90000000e-03 
 5   3.30000000e-01   1.65456000e+00   1.90000000e-03 
 5   4.70000000e-01   1.68311000e+00   1.90000000e-03 
 5   6.00000000e-01   1.69252000e+00   1.90000000e-03 
 5   7.50000000e-01   1.67316000e+00   1.90000000e-03 
 5   8.61000000e-01   1.64173000e+00   1.90000000e-03 
 5   1.20000000e+00   1.56809000e+00   2.00000000e-03 
 5   1.50000000e+00   1.46035000e+00   2.00000000e-03 
 5   1.85000000e+00   1.35503000e+00   2.10000000e-03 
 5   3.00000000e+00   1.11265000e+00   2.30000000e-03 
 5   4.30000000e+00   8.39133000e-01   2.70000000e-03 
 5   6.43000000e+00   6.54929000e-01   3.00000000e-03 
 5   2.00000000e+01   2.99107000e-01   4.40000000e-03 
 8   4.00000000e-09   1.18403000e-02   1.41000000e-02 
 8   1.00000000e-08   1.47731000e-02   1.26000000e-02 
 8   2.53000000e-08   1.88626000e-02   1.12000000e-02 
 8   4.00000000e-08   2.21548000e-02   1.04000000e-02 
 8   5.00000000e-08   2.45524000e-02   9.80000000e-03 
 8   6.00000000e-08   2.64872000e-02   9.40000000e-03 
 8   8.00000000e-08   2.98616000e-02   8.90000000e-03 
 8   1.00000000e-07   3.42530000e-02   8.30000000e-03 
 8   1.50000000e-07   4.08860000e-02   7.70000000e-03 
 8   2.00000000e-07   4.70498000e-02   7.10000000e-03 
 8   2.50000000e-07   5.04231000e-02   6.90000000e-03 
 8   3.25000000e-07   5.54953000e-02   6.60000000e-03 
 8   3.50000000e-07   5.88009000e-02   6.50000000e-03 
 8   3.75000000e-07   5.99747000e-02   6.40000000e-03 
 8   4.50000000e-07   6.22684000e-02   6.30000000e-03 
 8   6.25000000e-07   6.74413000e-02   6.00000000e-03 
 8   1.01000000e-06   7.39477000e-02   5.80000000e-03 
 8   1.08000000e-06   7.80394000e-02   5.60000000e-03 
 8   1.13000000e-06   7.93662000e-02   5.60000000e-03 
 8   5.00000000e-06   9.23973000e-02   5.20000000e-03 
 8   6.25000000e-06   1.01863000e-01   5.00000000e-03 
 8   6.50000000e-06   1.02403000e-01   5.00000000e-03 
 8   6.88000000e-06   1.02623000e-01   5.00000000e-03 
 8   7.00000000e-06   1.04225000e-01   5.00000000e-03 
 8   2.05000000e-05   1.11591000e-01   4.80000000e-03 
 8   2.12000000e-05   1.16728000e-01   4.80000000e-03 
 8   2.18000000e-05   1.16493000e-01   4.80000000e-03 
 8   3.60000000e-05   1.20277000e-01   4.70000000e-03 
 8   3.71000000e-05   1.22049000e-01   4.70000000e-03 
 8   6.50000000e-05   1.25381000e-01   4.60000000e-03 
 8   6.75000000e-05   1.28130000e-01   4.60000000e-03 
 8   1.01000000e-04   1.30942000e-01   4.60000000e-03 
 8   1.05000000e-04   1.34239000e-01   4.50000000e-03 
 8   1.16000000e-04   1.32314000e-01   4.60000000e-03 
 8   1.18000000e-04   1.33333000e-01   4.50000000e-03 
 8   1.88000000e-04   1.36981000e-01   4.50000000e-03 
 8   1.92000000e-04   1.38078000e-01   4.50000000e-03 
 8   2.25000000e-03   1.54814000e-01   4.30000000e-03 
 8   3.74000000e-03   1.66540000e-01   4.20000000e-03 
 8   1.70000000e-02   1.83272000e-01   4.10000000e-03 
 8   2.00000000e-02   1.95903000e-01   4.00000000e-03 
 8   5.00000000e-02   2.14464000e-01   3.90000000e-03 
 8   2.00000000e-01   3.04051000e-01   3.30000000e-03 
 8   2.70000000e-01   4.04205000e-01   3.00000000e-03 
 8   3.30000000e-01   4.57806000e-01   2.80000000e-03 
 8   4.70000000e-01   5.32277000e-01   2.60000000e-03 
 8   6.00000000e-01   6.16962000e-01   2.40000000e-03 
 8   7.50000000e-01   6.85552000e-01   2.30000000e-03 
 8   8.61000000e-01   7.35605000e-01   2.30000000e-03 
 8   1.20000000e+00   7.95536000e-01   2.20000000e-03 
 8   1.50000000e+00   8.52949000e-01   2.10000000e-03 
 8   1.85000000e+00   8.79680000e-01   2.10000000e-03 
 8   3.00000000e+00   8.43066000e-01   2.10000000e-03 
 8   4.30000000e+00   7.27069000e-01   2.30000000e-03 
 8   6.43000000e+00   6.74225000e-01   2.30000000e-03 
 8   2.00000000e+01   3.75221000e-01   3.10000000e-03 
10   4.00000000e-09   2.98086000e-03   2.61000000e-02 
10   1.00000000e-08   3.55092000e-03   2.38000000e-02 
10   2.53000000e-08   4.57789000e-03   2.07000000e-02 
10   4.00000000e-08   5.51079000e-03   1.91000000e-02 
10   5.00000000e-08   6.12903000e-03   1.83000000e-02 
10   6.00000000e-08   6.35357000e-03   1.76000000e-02 
10   8.00000000e-08   7.30326000e-03   1.66000000e-02 
10   1.00000000e-07   8.20748000e-03   1.57000000e-02 
10   1.50000000e-07   9.84958000e-03   1.44000000e-02 
10   2.00000000e-07   1.16525000e-02   1.32000000e-02 
10   2.50000000e-07   1.23613000e-02   1.28000000e-02 
10   3.25000000e-07   1.34708000e-02   1.23000000e-02 
10   3.50000000e-07   1.42556000e-02   1.20000000e-02 
10   3.75000000e-07   1.42888000e-02   1.19000000e-02 
10   4.50000000e-07   1.48877000e-02   1.18000000e-02 
10   6.25000000e-07   1.58781000e-02   1.13000000e-02 
10   1.01000000e-06   1.76370000e-02   1.07000000e-02 
10   1.08000000e-06   1.85479000e-02   1.04000000e-02 
10   1.13000000e-06   1.91331000e-02   1.04000000e-02 
10   5.00000000e-06   2.17315000e-02   9.70000000e-03 
10   6.25000000e-06   2.40490000e-02   9.30000000e-03 
10   6.50000000e-06   2.47471000e-02   9.20000000e-03 
10   6.88000000e-06   2.49515000e-02   9.20000000e-03 
10   7.00000000e-06   2.47355000e-02   9.20000000e-03 
10   2.05000000e-05   2.67833000e-02   8.80000000e-03 
10   2.12000000e-05   2.79494000e-02   8.70000000e-03 
10   2.18000000e-05   2.80085000e-02   8.70000000e-03 
10   3.60000000e-05   2.87111000e-02   8.60000000e-03 
10   3.71000000e-05   2.95647000e-02   8.50000000e-03 
10   6.50000000e-05   3.01200000e-02   8.40000000e-03 
10   6.75000000e-05   3.12192000e-02   8.30000000e-03 
10   1.01000000e-04   3.17034000e-02   8.30000000e-03 
10   1.05000000e-04   3.20437000e-02   8.20000000e-03 
10   1.16000000e-04   3.26036000e-02   8.10000000e-03 
10   1.18000000e-04   3.27765000e-02   8.20000000e-03 
10   1.88000000e-04   3.30004000e-02   8.10000000e-03 
10   1.92000000e-04   3.33108000e-02   8.00000000e-03 
10   2.25000000e-03   3.82462000e-02   7.70000000e-03 
10   3.74000000e-03   4.14321000e-02   7.40000000e-03 
10   1.70000000e-02   4.63092000e-02   7.10000000e-03 
10   2.00000000e-02   5.00270000e-02   6.90000000e-03 
10   5.00000000e-02   5.58575000e-02   6.60000000e-03 
10   2.00000000e-01   8.55516000e-02   5.60000000e-03 
10   2.70000000e-01   1.25220000e-01   4.80000000e-03 
10   3.30000000e-01   1.50178000e-01   4.40000000e-03 
10   4.70000000e-01   1.88748000e-01   4.00000000e-03 
10   6.00000000e-01   2.41587000e-01   3.60000000e-03 
10   7.50000000e-01   2.90120000e-01   3.30000000e-03 
10   8.61000000e-01   3.31772000e-01   3.10000000e-03 
10   1.20000000e+00   3.95240000e-01   2.90000000e-03 
10   1.50000000e+00   4.63389000e-01   2.70000000e-03 
10   1.85000000e+00   5.13582000e-01   2.60000000e-03 
10   3.00000000e+00   5.44830000e-01   2.50000000e-03 
10   4.30000000e+00   5.12655000e-01   2.60000000e-03 
10   6.43000000e+00   5.38729000e-01   2.50000000e-03 
10   2.00000000e+01   3.39482000e-01   3.10000000e-03 
12   4.00000000e-09   7.39157000e-04   5.02000000e-02 
12   1.00000000e-08   8.91284000e-04   4.46000000e-02 
12   2.53000000e-08   1.17675000e-03   4.02000000e-02 
12   4.00000000e-08   1.36875000e-03   3.71000000e-02 
12   5.00000000e-08   1.49893000e-03   3.57000000e-02 
12   6.00000000e-08   1.77268000e-03   3.28000000e-02 
12   8.00000000e-08   1.89419000e-03   3.15000000e-02 
12   1.00000000e-07   2.04648000e-03   3.06000000e-02 
12   1.50000000e-07   2.45098000e-03   2.75000000e-02 
12   2.00000000e-07   2.89221000e-03   2.56000000e-02 
12   2.50000000e-07   3.18052000e-03   2.43000000e-02 
12   3.25000000e-07   3.42914000e-03   2.36000000e-02 
12   3.50000000e-07   3.64236000e-03   2.27000000e-02 
12   3.75000000e-07   3.70000000e-03   2.29000000e-02 
12   4.50000000e-07   3.78522000e-03   2.22000000e-02 
12   6.25000000e-07   4.16610000e-03   2.15000000e-02 
12   1.01000000e-06   4.42349000e-03   2.09000000e-02 
12   1.08000000e-06   4.71886000e-03   2.00000000e-02 
12   1.13000000e-06   4.98567000e-03   1.95000000e-02 
12   5.00000000e-06   5.84201000e-03   1.83000000e-02 
12   6.25000000e-06   6.03843000e-03   1.78000000e-02 
12   6.50000000e-06   6.07357000e-03   1.76000000e-02 
12   6.88000000e-06   6.28762000e-03   1.74000000e-02 
12   7.00000000e-06   6.24237000e-03   1.73000000e-02 
12   2.05000000e-05   6.86854000e-03   1.69000000e-02 
12   2.12000000e-05   7.32444000e-03   1.63000000e-02 
12   2.18000000e-05   7.10740000e-03   1.64000000e-02 
12   3.60000000e-05   7.32189000e-03   1.63000000e-02 
12   3.71000000e-05   7.35691000e-03   1.61000000e-02 
12   6.50000000e-05   7.69902000e-03   1.56000000e-02 
12   6.75000000e-05   7.75757000e-03   1.58000000e-02 
12   1.01000000e-04   7.86097000e-03   1.56000000e-02 
12   1.05000000e-04   8.17598000e-03   1.53000000e-02 
12   1.16000000e-04   8.09476000e-03   1.53000000e-02 
12   1.18000000e-04   8.00172000e-03   1.56000000e-02 
12   1.88000000e-04   8.39580000e-03   1.51000000e-02 
12   1.92000000e-04   8.21285000e-03   1.52000000e-02 
12   2.25000000e-03   9.61054000e-03   1.44000000e-02 
12   3.74000000e-03   1.03690000e-02   1.38000000e-02 
12   1.70000000e-02   1.17952000e-02   1.30000000e-02 
12   2.00000000e-02   1.29581000e-02   1.26000000e-02 
12   5.00000000e-02   1.43012000e-02   1.19000000e-02 
12   2.00000000e-01   2.32502000e-02   9.80000000e-03 
12   2.70000000e-01   3.54098000e-02   8.20000000e-03 
12   3.30000000e-01   4.52487000e-02   7.50000000e-03 
12   4.70000000e-01   6.10785000e-02   6.60000000e-03 
12   6.00000000e-01   8.52425000e-02   5.70000000e-03 
12   7.50000000e-01   1.10913000e-01   5.10000000e-03 
12   8.61000000e-01   1.34622000e-01   4.70000000e-03 
12   1.20000000e+00   1.76582000e-01   4.10000000e-03 
12   1.50000000e+00   2.32137000e-01   3.70000000e-03 
12   1.85000000e+00   2.78575000e-01   3.30000000e-03 
12   3.00000000e+00   3.27747000e-01   3.10000000e-03 
12   4.30000000e+00   3.35940000e-01   3.10000000e-03 
12   6.43000000e+00   3.98729000e-01   2.80000000e-03 
12   2.00000000e+01   2.89538000e-01   3.20000000e-03 
