 8   1.00000000e-08   1.29906000e-02   4.23000000e-02 
 8   2.51200000e-08   1.64233000e-02   3.75000000e-02 
 8   6.31000000e-08   2.09158000e-02   3.33000000e-02 
 8   1.00000000e-07   2.70071000e-02   2.97000000e-02 
 8   2.51200000e-07   3.49731000e-02   2.60000000e-02 
 8   1.00000000e-06   5.52787000e-02   2.12000000e-02 
 8   1.00000000e-05   7.31090000e-02   1.87000000e-02 
 8   1.00000000e-04   8.96385000e-02   1.73000000e-02 
 8   1.00000000e-03   1.12325000e-01   1.59000000e-02 
 8   1.00000000e-02   1.24840000e-01   1.55000000e-02 
 8   2.51200000e-02   1.40997000e-01   1.47000000e-02 
 8   3.98100000e-02   1.46598000e-01   1.45000000e-02 
 8   6.31000000e-02   1.60954000e-01   1.39000000e-02 
 8   1.00000000e-01   1.81778000e-01   1.34000000e-02 
 8   1.58500000e-01   2.07715000e-01   1.26000000e-02 
 8   2.51200000e-01   2.32587000e-01   1.21000000e-02 
 8   3.98100000e-01   2.84758000e-01   1.11000000e-02 
 8   6.31000000e-01   3.39343000e-01   1.03000000e-02 
 8   1.00000000e+00   3.92664000e-01   9.70000000e-03 
 8   1.58500000e+00   4.18001000e-01   9.40000000e-03 
 8   2.51200000e+00   3.94381000e-01   9.70000000e-03 
 8   3.98100000e+00   3.39166000e-01   1.05000000e-02 
 8   6.31000000e+00   2.72588000e-01   1.18000000e-02 
 8   1.00000000e+01   1.97087000e-01   1.36000000e-02 
 8   1.58500000e+01   1.42310000e-01   1.61000000e-02 
 8   2.51200000e+01   9.87925000e-02   1.90000000e-02 
