1.000000e-11  4.799210e+13  0.000000e+00
4.000000e-09  8.795326e+13  0.000000e+00
1.000000e-08  5.866856e+13  0.000000e+00
2.530000e-08  2.882835e+13  0.000000e+00
4.000000e-08  1.221019e+13  0.000000e+00
5.000000e-08  5.678202e+12  0.000000e+00
6.000000e-08  1.761649e+12  0.000000e+00
8.000000e-08  6.376588e+11  0.000000e+00
1.000000e-07  1.197544e+11  0.000000e+00
1.500000e-07  3.342461e+10  0.000000e+00
2.000000e-07  1.144300e+10  0.000000e+00
2.500000e-07  6.885160e+09  0.000000e+00
3.250000e-07  6.230274e+09  0.000000e+00
3.500000e-07  4.295503e+09  0.000000e+00
3.750000e-07  3.481637e+09  0.000000e+00
4.500000e-07  2.634888e+09  0.000000e+00
6.250000e-07  2.061056e+09  0.000000e+00
1.010000e-06  1.770871e+09  0.000000e+00
1.080000e-06  1.344911e+09  0.000000e+00
1.130000e-06  9.729072e+08  0.000000e+00
5.000000e-06  5.529232e+08  0.000000e+00
6.250000e-06  6.440245e+08  0.000000e+00
6.500000e-06  6.024151e+08  0.000000e+00
6.880000e-06  5.135259e+08  0.000000e+00
7.000000e-06  6.391541e+08  0.000000e+00
2.050000e-05  3.600980e+08  0.000000e+00
2.120000e-05  5.872065e+08  0.000000e+00
2.180000e-05  4.902234e+08  0.000000e+00
3.600000e-05  5.427243e+08  0.000000e+00
3.710000e-05  4.853084e+08  0.000000e+00
6.500000e-05  5.942196e+08  0.000000e+00
6.750000e-05  5.081249e+08  0.000000e+00
1.010000e-04  4.853840e+08  0.000000e+00
1.050000e-04  5.207045e+08  0.000000e+00
1.160000e-04  4.495205e+08  0.000000e+00
1.180000e-04  3.854351e+08  0.000000e+00
1.880000e-04  3.570384e+08  0.000000e+00
1.920000e-04  1.928103e+08  0.000000e+00
2.250000e-03  6.678454e+07  0.000000e+00
3.740000e-03  2.114519e+07  0.000000e+00
1.700000e-02  1.056692e+07  0.000000e+00
2.000000e-02  5.111065e+06  0.000000e+00
5.000000e-02  8.552786e+05  0.000000e+00
2.000000e-01  2.571469e+05  0.000000e+00
2.700000e-01  1.519099e+05  0.000000e+00
3.300000e-01  8.907626e+04  0.000000e+00
4.700000e-01  8.485672e+04  0.000000e+00
6.000000e-01  8.957828e+04  0.000000e+00
7.500000e-01  1.053219e+05  0.000000e+00
8.610000e-01  1.711421e+05  0.000000e+00
1.200000e+00  2.395590e+05  0.000000e+00
1.500000e+00  3.298446e+05  0.000000e+00
1.850000e+00  3.690638e+05  0.000000e+00
3.000000e+00  1.558159e+05  0.000000e+00
4.300000e+00  5.481288e+04  0.000000e+00
6.430000e+00  0.000000e+00  0.000000e+00
