1.000000e-11  4.111939e+09  0.000000e+00
4.000000e-09  5.544482e+09  0.000000e+00
1.000000e-08  3.868512e+09  0.000000e+00
2.530000e-08  2.131989e+09  0.000000e+00
4.000000e-08  1.169338e+09  0.000000e+00
5.000000e-08  6.900266e+08  0.000000e+00
6.000000e-08  2.944703e+08  0.000000e+00
8.000000e-08  1.387613e+08  0.000000e+00
1.000000e-07  4.051861e+07  0.000000e+00
1.500000e-07  1.395005e+07  0.000000e+00
2.000000e-07  5.641334e+06  0.000000e+00
2.500000e-07  3.779407e+06  0.000000e+00
3.250000e-07  3.202536e+06  0.000000e+00
3.500000e-07  2.590724e+06  0.000000e+00
3.750000e-07  2.123949e+06  0.000000e+00
4.500000e-07  1.649015e+06  0.000000e+00
6.250000e-07  1.112218e+06  0.000000e+00
1.010000e-06  8.445113e+05  0.000000e+00
1.080000e-06  7.357206e+05  0.000000e+00
1.130000e-06  3.399814e+05  0.000000e+00
5.000000e-06  1.523285e+05  0.000000e+00
6.250000e-06  1.384885e+05  0.000000e+00
6.500000e-06  1.346989e+05  0.000000e+00
6.880000e-06  1.120954e+05  0.000000e+00
7.000000e-06  9.286615e+04  0.000000e+00
2.050000e-05  4.653826e+04  0.000000e+00
2.120000e-05  7.090712e+04  0.000000e+00
2.180000e-05  5.026787e+04  0.000000e+00
3.600000e-05  4.283091e+04  0.000000e+00
3.710000e-05  3.556923e+04  0.000000e+00
6.500000e-05  3.305328e+04  0.000000e+00
6.750000e-05  2.755664e+04  0.000000e+00
1.010000e-04  2.474660e+04  0.000000e+00
1.050000e-04  2.416552e+04  0.000000e+00
1.160000e-04  2.128885e+04  0.000000e+00
1.180000e-04  1.877703e+04  0.000000e+00
1.880000e-04  1.574469e+04  0.000000e+00
1.920000e-04  7.491126e+03  0.000000e+00
2.250000e-03  2.975954e+03  0.000000e+00
3.740000e-03  1.349145e+03  0.000000e+00
1.700000e-02  8.244871e+02  0.000000e+00
2.000000e-02  4.879634e+02  0.000000e+00
5.000000e-02  1.617361e+02  0.000000e+00
2.000000e-01  6.725460e+01  0.000000e+00
2.700000e-01  4.399803e+01  0.000000e+00
3.300000e-01  2.530736e+01  0.000000e+00
4.700000e-01  1.742809e+01  0.000000e+00
6.000000e-01  1.318909e+01  0.000000e+00
7.500000e-01  1.053730e+01  0.000000e+00
8.610000e-01  8.704150e+00  0.000000e+00
1.200000e+00  9.729994e+00  0.000000e+00
1.500000e+00  1.076648e+01  0.000000e+00
1.850000e+00  1.336880e+01  0.000000e+00
3.000000e+00  1.127271e+01  0.000000e+00
4.300000e+00  1.313811e+01  0.000000e+00
6.430000e+00  0.000000e+00  0.000000e+00
