1.000000e-11  2.958950e+09  0.000000e+00
4.000000e-09  3.942887e+09  0.000000e+00
1.000000e-08  2.624151e+09  0.000000e+00
2.530000e-08  1.424123e+09  0.000000e+00
4.000000e-08  7.644566e+08  0.000000e+00
5.000000e-08  4.451317e+08  0.000000e+00
6.000000e-08  1.859944e+08  0.000000e+00
8.000000e-08  9.041763e+07  0.000000e+00
1.000000e-07  2.709214e+07  0.000000e+00
1.500000e-07  9.795461e+06  0.000000e+00
2.000000e-07  4.012755e+06  0.000000e+00
2.500000e-07  2.800076e+06  0.000000e+00
3.250000e-07  2.452436e+06  0.000000e+00
3.500000e-07  1.973471e+06  0.000000e+00
3.750000e-07  1.636681e+06  0.000000e+00
4.500000e-07  1.330885e+06  0.000000e+00
6.250000e-07  9.437736e+05  0.000000e+00
1.010000e-06  7.487292e+05  0.000000e+00
1.080000e-06  6.423808e+05  0.000000e+00
1.130000e-06  3.276204e+05  0.000000e+00
5.000000e-06  1.530136e+05  0.000000e+00
6.250000e-06  1.416589e+05  0.000000e+00
6.500000e-06  1.365887e+05  0.000000e+00
6.880000e-06  1.159195e+05  0.000000e+00
7.000000e-06  1.010953e+05  0.000000e+00
2.050000e-05  5.127848e+04  0.000000e+00
2.120000e-05  7.648559e+04  0.000000e+00
2.180000e-05  5.682061e+04  0.000000e+00
3.600000e-05  4.987487e+04  0.000000e+00
3.710000e-05  4.097115e+04  0.000000e+00
6.500000e-05  3.974789e+04  0.000000e+00
6.750000e-05  3.300530e+04  0.000000e+00
1.010000e-04  3.018878e+04  0.000000e+00
1.050000e-04  2.893327e+04  0.000000e+00
1.160000e-04  2.542964e+04  0.000000e+00
1.180000e-04  2.215109e+04  0.000000e+00
1.880000e-04  1.908586e+04  0.000000e+00
1.920000e-04  8.803014e+03  0.000000e+00
2.250000e-03  3.425082e+03  0.000000e+00
3.740000e-03  1.309628e+03  0.000000e+00
1.700000e-02  7.667859e+02  0.000000e+00
2.000000e-02  3.866345e+02  0.000000e+00
5.000000e-02  9.112349e+01  0.000000e+00
2.000000e-01  3.110111e+01  0.000000e+00
2.700000e-01  2.027435e+01  0.000000e+00
3.300000e-01  1.280465e+01  0.000000e+00
4.700000e-01  9.918729e+00  0.000000e+00
6.000000e-01  8.825808e+00  0.000000e+00
7.500000e-01  8.163912e+00  0.000000e+00
8.610000e-01  8.552522e+00  0.000000e+00
1.200000e+00  1.449089e+01  0.000000e+00
1.500000e+00  2.108983e+01  0.000000e+00
1.850000e+00  4.013934e+01  0.000000e+00
3.000000e+00  4.423764e+01  0.000000e+00
4.300000e+00  6.410213e+01  0.000000e+00
6.430000e+00  0.000000e+00  0.000000e+00
