1.000000e-11  2.514554e+09  0.000000e+00
4.000000e-09  3.616429e+09  0.000000e+00
1.000000e-08  2.855961e+09  0.000000e+00
2.530000e-08  1.536220e+09  0.000000e+00
4.000000e-08  8.576689e+08  0.000000e+00
5.000000e-08  4.892232e+08  0.000000e+00
6.000000e-08  1.803704e+08  0.000000e+00
8.000000e-08  7.400195e+07  0.000000e+00
1.000000e-07  1.508666e+07  0.000000e+00
1.500000e-07  4.076271e+06  0.000000e+00
2.000000e-07  1.521722e+06  0.000000e+00
2.500000e-07  8.703366e+05  0.000000e+00
3.250000e-07  6.547170e+05  0.000000e+00
3.500000e-07  5.105993e+05  0.000000e+00
3.750000e-07  4.019678e+05  0.000000e+00
4.500000e-07  3.113752e+05  0.000000e+00
6.250000e-07  2.140011e+05  0.000000e+00
1.010000e-06  1.727414e+05  0.000000e+00
1.080000e-06  1.447818e+05  0.000000e+00
1.130000e-06  1.027097e+05  0.000000e+00
5.000000e-06  6.369065e+04  0.000000e+00
6.250000e-06  6.093703e+04  0.000000e+00
6.500000e-06  5.917399e+04  0.000000e+00
6.880000e-06  5.238012e+04  0.000000e+00
7.000000e-06  5.932419e+04  0.000000e+00
2.050000e-05  3.927867e+04  0.000000e+00
2.120000e-05  5.234495e+04  0.000000e+00
2.180000e-05  4.802576e+04  0.000000e+00
3.600000e-05  4.546513e+04  0.000000e+00
3.710000e-05  3.957072e+04  0.000000e+00
6.500000e-05  4.084560e+04  0.000000e+00
6.750000e-05  3.526759e+04  0.000000e+00
1.010000e-04  3.263683e+04  0.000000e+00
1.050000e-04  3.185859e+04  0.000000e+00
1.160000e-04  2.866721e+04  0.000000e+00
1.180000e-04  2.526209e+04  0.000000e+00
1.880000e-04  2.332446e+04  0.000000e+00
1.920000e-04  1.114371e+04  0.000000e+00
2.250000e-03  4.243466e+03  0.000000e+00
3.740000e-03  1.473571e+03  0.000000e+00
1.700000e-02  7.846288e+02  0.000000e+00
2.000000e-02  3.473191e+02  0.000000e+00
5.000000e-02  5.820799e+01  0.000000e+00
2.000000e-01  1.673115e+01  0.000000e+00
2.700000e-01  1.178539e+01  0.000000e+00
3.300000e-01  8.506018e+00  0.000000e+00
4.700000e-01  7.489912e+00  0.000000e+00
6.000000e-01  7.556648e+00  0.000000e+00
7.500000e-01  7.634635e+00  0.000000e+00
8.610000e-01  8.403321e+00  0.000000e+00
1.200000e+00  1.328886e+01  0.000000e+00
1.500000e+00  1.810367e+01  0.000000e+00
1.850000e+00  4.002858e+01  0.000000e+00
3.000000e+00  6.890758e+01  0.000000e+00
4.300000e+00  5.151126e+01  0.000000e+00
6.430000e+00  0.000000e+00  0.000000e+00
