1.000000e-11  3.301479e+11  0.000000e+00
4.000000e-09  3.087304e+11  0.000000e+00
1.000000e-08  9.618805e+10  0.000000e+00
2.530000e-08  4.144030e+10  0.000000e+00
4.000000e-08  2.828923e+10  0.000000e+00
5.000000e-08  1.584619e+10  0.000000e+00
6.000000e-08  1.063278e+10  0.000000e+00
8.000000e-08  9.421342e+09  0.000000e+00
1.000000e-07  5.070616e+09  0.000000e+00
1.500000e-07  3.421646e+09  0.000000e+00
2.000000e-07  5.543353e+09  0.000000e+00
2.500000e-07  4.264669e+09  0.000000e+00
3.250000e-07  4.171920e+09  0.000000e+00
3.500000e-07  3.365975e+09  0.000000e+00
3.750000e-07  4.159144e+09  0.000000e+00
4.500000e-07  3.729885e+09  0.000000e+00
6.250000e-07  2.340987e+09  0.000000e+00
1.010000e-06  2.382231e+09  0.000000e+00
1.080000e-06  1.373568e+09  0.000000e+00
1.130000e-06  3.507876e+08  0.000000e+00
5.000000e-06  6.631024e+07  0.000000e+00
6.250000e-06  4.208123e+07  0.000000e+00
6.500000e-06  4.696710e+07  0.000000e+00
6.880000e-06  4.175781e+07  0.000000e+00
7.000000e-06  6.390780e+06  0.000000e+00
2.050000e-05  8.158945e+05  0.000000e+00
2.120000e-05  6.994702e+05  0.000000e+00
2.180000e-05  2.822662e+05  0.000000e+00
3.600000e-05  1.155524e+05  0.000000e+00
3.710000e-05  2.385720e+04  0.000000e+00
6.500000e-05  1.103900e+04  0.000000e+00
6.750000e-05  3.129129e+03  0.000000e+00
1.010000e-04  1.225983e+03  0.000000e+00
1.050000e-04  8.783612e+02  0.000000e+00
1.160000e-04  5.812469e+02  0.000000e+00
1.180000e-04  1.057171e+02  0.000000e+00
1.880000e-04  4.604319e+01  0.000000e+00
1.920000e-04  1.102226e-03  0.000000e+00
2.250000e-03  5.372616e-07  0.000000e+00
3.740000e-03  5.431408e-12  0.000000e+00
1.700000e-02  8.005501e-15  0.000000e+00
2.000000e-02  1.322506e-18  0.000000e+00
5.000000e-02  8.232202e-30  0.000000e+00
2.000000e-01  4.574024e-38  0.000000e+00
2.700000e-01  4.501283e-42  0.000000e+00
3.300000e-01  3.717797e-46  0.000000e+00
4.700000e-01  1.607358e-49  0.000000e+00
6.000000e-01  7.805636e-51  0.000000e+00
7.500000e-01  1.128060e-50  0.000000e+00
8.610000e-01  3.887272e-48  0.000000e+00
1.200000e+00  1.040636e-42  0.000000e+00
1.500000e+00  6.357658e-37  0.000000e+00
1.850000e+00  4.546940e-26  0.000000e+00
3.000000e+00  4.854142e-15  0.000000e+00
4.300000e+00  4.097748e+04  0.000000e+00
6.430000e+00  0.000000e+00  0.000000e+00
