1.000000e-11  8.122171e+10  0.000000e+00
4.000000e-09  1.729674e+11  0.000000e+00
1.000000e-08  3.786385e+10  0.000000e+00
2.530000e-08  2.219941e+10  0.000000e+00
4.000000e-08  1.367556e+10  0.000000e+00
5.000000e-08  5.885292e+09  0.000000e+00
6.000000e-08  2.519820e+09  0.000000e+00
8.000000e-08  8.386068e+09  0.000000e+00
1.000000e-07  1.203406e+10  0.000000e+00
1.500000e-07  3.215735e+10  0.000000e+00
2.000000e-07  2.472446e+10  0.000000e+00
2.500000e-07  3.196089e+10  0.000000e+00
3.250000e-07  1.760575e+10  0.000000e+00
3.500000e-07  7.078617e+09  0.000000e+00
3.750000e-07  3.361764e+09  0.000000e+00
4.500000e-07  3.119510e+09  0.000000e+00
6.250000e-07  5.439920e+07  0.000000e+00
1.010000e-06  2.200980e+07  0.000000e+00
1.080000e-06  2.923130e+06  0.000000e+00
1.130000e-06  3.776871e+00  0.000000e+00
5.000000e-06  1.505874e-05  0.000000e+00
6.250000e-06  1.647710e-06  0.000000e+00
6.500000e-06  7.117857e-07  0.000000e+00
6.880000e-06  4.627537e-07  0.000000e+00
7.000000e-06  3.132260e-12  0.000000e+00
2.050000e-05  4.938490e-17  0.000000e+00
2.120000e-05  4.332584e-18  0.000000e+00
2.180000e-05  7.392123e-20  0.000000e+00
3.600000e-05  1.201281e-21  0.000000e+00
3.710000e-05  1.139535e-25  0.000000e+00
6.500000e-05  2.408400e-27  0.000000e+00
6.750000e-05  5.560350e-30  0.000000e+00
1.010000e-04  3.599640e-32  0.000000e+00
1.050000e-04  1.467201e-32  0.000000e+00
1.160000e-04  3.785723e-33  0.000000e+00
1.180000e-04  8.863489e-37  0.000000e+00
1.880000e-04  1.008947e-37  0.000000e+00
1.920000e-04  1.033873e-53  0.000000e+00
2.250000e-03  3.957617e-62  0.000000e+00
3.740000e-03  1.129849e-73  0.000000e+00
1.700000e-02  6.504480e-74  0.000000e+00
2.000000e-02  4.523521e-74  0.000000e+00
5.000000e-02  3.015681e-74  0.000000e+00
2.000000e-01  3.573930e-74  0.000000e+00
2.700000e-01  4.314952e-74  0.000000e+00
3.300000e-01  8.404694e-74  0.000000e+00
4.700000e-01  7.709363e-74  0.000000e+00
6.000000e-01  9.066906e-74  0.000000e+00
7.500000e-01  1.186701e-73  0.000000e+00
8.610000e-01  1.300813e-73  0.000000e+00
1.200000e+00  1.394978e-73  0.000000e+00
1.500000e+00  1.378339e-73  0.000000e+00
1.850000e+00  3.648120e-65  0.000000e+00
3.000000e+00  7.090518e-32  0.000000e+00
4.300000e+00  3.232901e+04  0.000000e+00
6.430000e+00  0.000000e+00  0.000000e+00
