1.000000e-11  9.483943e+10  0.000000e+00
4.000000e-09  1.615298e+11  0.000000e+00
1.000000e-08  1.273916e+11  0.000000e+00
2.530000e-08  9.571492e+10  0.000000e+00
4.000000e-08  6.301342e+10  0.000000e+00
5.000000e-08  4.160602e+10  0.000000e+00
6.000000e-08  2.012319e+10  0.000000e+00
8.000000e-08  1.713472e+10  0.000000e+00
1.000000e-07  9.282422e+09  0.000000e+00
1.500000e-07  6.112703e+09  0.000000e+00
2.000000e-07  2.808976e+09  0.000000e+00
2.500000e-07  2.775192e+09  0.000000e+00
3.250000e-07  2.880967e+09  0.000000e+00
3.500000e-07  2.285565e+09  0.000000e+00
3.750000e-07  1.935233e+09  0.000000e+00
4.500000e-07  2.082076e+09  0.000000e+00
6.250000e-07  1.609777e+09  0.000000e+00
1.010000e-06  1.506382e+09  0.000000e+00
1.080000e-06  1.139404e+09  0.000000e+00
1.130000e-06  3.658925e+08  0.000000e+00
5.000000e-06  8.129158e+07  0.000000e+00
6.250000e-06  6.882792e+07  0.000000e+00
6.500000e-06  6.055596e+07  0.000000e+00
6.880000e-06  5.037032e+07  0.000000e+00
7.000000e-06  1.757500e+07  0.000000e+00
2.050000e-05  3.101520e+06  0.000000e+00
2.120000e-05  3.317649e+06  0.000000e+00
2.180000e-05  1.613331e+06  0.000000e+00
3.600000e-05  9.085490e+05  0.000000e+00
3.710000e-05  2.178979e+05  0.000000e+00
6.500000e-05  1.200857e+05  0.000000e+00
6.750000e-05  4.114938e+04  0.000000e+00
1.010000e-04  1.697295e+04  0.000000e+00
1.050000e-04  1.380804e+04  0.000000e+00
1.160000e-04  9.779810e+03  0.000000e+00
1.180000e-04  2.158382e+03  0.000000e+00
1.880000e-04  1.129971e+03  0.000000e+00
1.920000e-04  1.343293e-01  0.000000e+00
2.250000e-03  1.600208e-04  0.000000e+00
3.740000e-03  3.574794e-09  0.000000e+00
1.700000e-02  7.270701e-12  0.000000e+00
2.000000e-02  1.433832e-15  0.000000e+00
5.000000e-02  6.397418e-27  0.000000e+00
2.000000e-01  4.658290e-36  0.000000e+00
2.700000e-01  5.997469e-40  0.000000e+00
3.300000e-01  3.745358e-44  0.000000e+00
4.700000e-01  1.531039e-47  0.000000e+00
6.000000e-01  4.508317e-49  0.000000e+00
7.500000e-01  3.406305e-49  0.000000e+00
8.610000e-01  5.693067e-47  0.000000e+00
1.200000e+00  8.043979e-42  0.000000e+00
1.500000e+00  2.901691e-36  0.000000e+00
1.850000e+00  1.692217e-25  0.000000e+00
3.000000e+00  1.320766e-14  0.000000e+00
4.300000e+00  4.100163e+04  0.000000e+00
6.430000e+00  0.000000e+00  0.000000e+00
