1.000000e-11  4.215825e+10  0.000000e+00
4.000000e-09  4.838518e+10  0.000000e+00
1.000000e-08  1.409027e+09  0.000000e+00
2.530000e-08  1.060894e+09  0.000000e+00
4.000000e-08  6.253477e+08  0.000000e+00
5.000000e-08  1.365025e+08  0.000000e+00
6.000000e-08  1.027412e+07  0.000000e+00
8.000000e-08  9.808184e+08  0.000000e+00
1.000000e-07  6.080106e+09  0.000000e+00
1.500000e-07  1.682326e+11  0.000000e+00
2.000000e-07  2.656591e+09  0.000000e+00
2.500000e-07  4.664643e+09  0.000000e+00
3.250000e-07  6.182917e+07  0.000000e+00
3.500000e-07  3.917886e+06  0.000000e+00
3.750000e-07  4.253341e+04  0.000000e+00
4.500000e-07  1.736063e+04  0.000000e+00
6.250000e-07  7.899147e-04  0.000000e+00
1.010000e-06  4.201760e-06  0.000000e+00
1.080000e-06  1.470198e-08  0.000000e+00
1.130000e-06  7.896924e-32  0.000000e+00
5.000000e-06  7.670943e-52  0.000000e+00
6.250000e-06  1.264524e-55  0.000000e+00
6.500000e-06  2.249628e-57  0.000000e+00
6.880000e-06  5.703553e-58  0.000000e+00
7.000000e-06  1.314821e-67  0.000000e+00
2.050000e-05  6.427347e-68  0.000000e+00
2.120000e-05  9.335970e-68  0.000000e+00
2.180000e-05  6.004910e-68  0.000000e+00
3.600000e-05  4.461960e-68  0.000000e+00
3.710000e-05  3.403830e-68  0.000000e+00
6.500000e-05  2.607932e-68  0.000000e+00
6.750000e-05  2.061034e-68  0.000000e+00
1.010000e-04  1.641469e-68  0.000000e+00
1.050000e-04  1.590250e-68  0.000000e+00
1.160000e-04  1.409876e-68  0.000000e+00
1.180000e-04  1.155452e-68  0.000000e+00
1.880000e-04  8.667825e-69  0.000000e+00
1.920000e-04  2.204599e-69  0.000000e+00
2.250000e-03  6.300898e-70  0.000000e+00
3.740000e-03  2.283802e-70  0.000000e+00
1.700000e-02  1.169253e-70  0.000000e+00
2.000000e-02  6.884600e-71  0.000000e+00
5.000000e-02  3.104165e-71  0.000000e+00
2.000000e-01  2.170826e-71  0.000000e+00
2.700000e-01  1.958838e-71  0.000000e+00
3.300000e-01  1.653852e-71  0.000000e+00
4.700000e-01  1.633135e-71  0.000000e+00
6.000000e-01  1.555513e-71  0.000000e+00
7.500000e-01  1.397540e-71  0.000000e+00
8.610000e-01  1.144204e-71  0.000000e+00
1.200000e+00  1.040139e-71  0.000000e+00
1.500000e+00  8.791651e-72  0.000000e+00
1.850000e+00  5.876691e-72  0.000000e+00
3.000000e+00  2.654521e-72  0.000000e+00
4.300000e+00  4.538619e+04  0.000000e+00
6.430000e+00  0.000000e+00  0.000000e+00
