1.000000e-11  5.366829e+09  0.000000e+00
4.000000e-09  1.413905e+10  0.000000e+00
1.000000e-08  1.813509e+10  0.000000e+00
2.530000e-08  2.339271e+10  0.000000e+00
4.000000e-08  1.921518e+10  0.000000e+00
5.000000e-08  1.706394e+10  0.000000e+00
6.000000e-08  1.646915e+10  0.000000e+00
8.000000e-08  1.817381e+10  0.000000e+00
1.000000e-07  2.183577e+10  0.000000e+00
1.500000e-07  2.360113e+10  0.000000e+00
2.000000e-07  1.736593e+10  0.000000e+00
2.500000e-07  1.704844e+10  0.000000e+00
3.250000e-07  1.604675e+10  0.000000e+00
3.500000e-07  1.253143e+10  0.000000e+00
3.750000e-07  9.931282e+09  0.000000e+00
4.500000e-07  7.192756e+09  0.000000e+00
6.250000e-07  2.484652e+09  0.000000e+00
1.010000e-06  1.563720e+09  0.000000e+00
1.080000e-06  1.120022e+09  0.000000e+00
1.130000e-06  4.287026e+07  0.000000e+00
5.000000e-06  2.868066e+06  0.000000e+00
6.250000e-06  2.027747e+06  0.000000e+00
6.500000e-06  1.630510e+06  0.000000e+00
6.880000e-06  1.475156e+06  0.000000e+00
7.000000e-06  1.557921e+05  0.000000e+00
2.050000e-05  1.779170e+04  0.000000e+00
2.120000e-05  1.905091e+04  0.000000e+00
2.180000e-05  6.755727e+03  0.000000e+00
3.600000e-05  3.460467e+03  0.000000e+00
3.710000e-05  9.700816e+02  0.000000e+00
6.500000e-05  5.391789e+02  0.000000e+00
6.750000e-05  2.327036e+02  0.000000e+00
1.010000e-04  1.240015e+02  0.000000e+00
1.050000e-04  1.055217e+02  0.000000e+00
1.160000e-04  8.549828e+01  0.000000e+00
1.180000e-04  2.920924e+01  0.000000e+00
1.880000e-04  1.893158e+01  0.000000e+00
1.920000e-04  1.517799e-01  0.000000e+00
2.250000e-03  1.252545e-02  0.000000e+00
3.740000e-03  4.306646e-04  0.000000e+00
1.700000e-02  8.574589e-05  0.000000e+00
2.000000e-02  8.274227e-06  0.000000e+00
5.000000e-02  6.924679e-09  0.000000e+00
2.000000e-01  2.521519e-11  0.000000e+00
2.700000e-01  2.877832e-12  0.000000e+00
3.300000e-01  3.495463e-13  0.000000e+00
4.700000e-01  1.005532e-13  0.000000e+00
6.000000e-01  1.083764e-13  0.000000e+00
7.500000e-01  2.569128e-13  0.000000e+00
8.610000e-01  4.997875e-12  0.000000e+00
1.200000e+00  7.024990e-10  0.000000e+00
1.500000e+00  1.030207e-07  0.000000e+00
1.850000e+00  8.637073e-04  0.000000e+00
3.000000e+00  1.711264e+00  0.000000e+00
4.300000e+00  3.168986e+04  0.000000e+00
6.430000e+00  0.000000e+00  0.000000e+00
