1.000000e-11  4.869854e+11  0.000000e+00
4.000000e-09  2.489299e+11  0.000000e+00
1.000000e-08  7.597380e+10  0.000000e+00
2.530000e-08  4.140637e+10  0.000000e+00
4.000000e-08  2.417456e+10  0.000000e+00
5.000000e-08  1.634270e+10  0.000000e+00
6.000000e-08  9.413746e+09  0.000000e+00
8.000000e-08  8.619820e+09  0.000000e+00
1.000000e-07  6.387437e+09  0.000000e+00
1.500000e-07  6.321935e+09  0.000000e+00
2.000000e-07  5.138390e+09  0.000000e+00
2.500000e-07  5.021075e+09  0.000000e+00
3.250000e-07  4.847936e+09  0.000000e+00
3.500000e-07  4.005213e+09  0.000000e+00
3.750000e-07  3.509050e+09  0.000000e+00
4.500000e-07  3.416788e+09  0.000000e+00
6.250000e-07  2.261112e+09  0.000000e+00
1.010000e-06  2.074610e+09  0.000000e+00
1.080000e-06  1.561559e+09  0.000000e+00
1.130000e-06  3.505195e+08  0.000000e+00
5.000000e-06  6.549855e+07  0.000000e+00
6.250000e-06  5.384130e+07  0.000000e+00
6.500000e-06  4.407920e+07  0.000000e+00
6.880000e-06  4.371134e+07  0.000000e+00
7.000000e-06  8.017653e+06  0.000000e+00
2.050000e-05  1.056258e+06  0.000000e+00
2.120000e-05  1.037190e+06  0.000000e+00
2.180000e-05  4.080753e+05  0.000000e+00
3.600000e-05  2.014541e+05  0.000000e+00
3.710000e-05  4.126603e+04  0.000000e+00
6.500000e-05  2.120450e+04  0.000000e+00
6.750000e-05  6.612535e+03  0.000000e+00
1.010000e-04  2.747489e+03  0.000000e+00
1.050000e-04  2.090329e+03  0.000000e+00
1.160000e-04  1.551484e+03  0.000000e+00
1.180000e-04  2.711303e+02  0.000000e+00
1.880000e-04  1.354105e+02  0.000000e+00
1.920000e-04  4.731829e-03  0.000000e+00
2.250000e-03  3.524908e-06  0.000000e+00
3.740000e-03  4.599277e-11  0.000000e+00
1.700000e-02  7.950919e-14  0.000000e+00
2.000000e-02  1.297029e-17  0.000000e+00
5.000000e-02  8.279397e-29  0.000000e+00
2.000000e-01  1.016382e-36  0.000000e+00
2.700000e-01  3.869467e-41  0.000000e+00
3.300000e-01  6.022942e-46  0.000000e+00
4.700000e-01  1.791830e-49  0.000000e+00
6.000000e-01  5.827634e-51  0.000000e+00
7.500000e-01  5.501040e-51  0.000000e+00
8.610000e-01  1.451947e-48  0.000000e+00
1.200000e+00  3.062729e-43  0.000000e+00
1.500000e+00  1.672786e-37  0.000000e+00
1.850000e+00  2.185553e-26  0.000000e+00
3.000000e+00  4.430280e-15  0.000000e+00
4.300000e+00  4.097440e+04  0.000000e+00
6.430000e+00  0.000000e+00  0.000000e+00
