1.000000e-11  5.337661e+09  0.000000e+00
4.000000e-09  6.455682e+09  0.000000e+00
1.000000e-08  3.797047e+09  0.000000e+00
2.530000e-08  1.914745e+09  0.000000e+00
4.000000e-08  9.732007e+08  0.000000e+00
5.000000e-08  5.442784e+08  0.000000e+00
6.000000e-08  2.182550e+08  0.000000e+00
8.000000e-08  1.021873e+08  0.000000e+00
1.000000e-07  2.940010e+07  0.000000e+00
1.500000e-07  1.042842e+07  0.000000e+00
2.000000e-07  4.223911e+06  0.000000e+00
2.500000e-07  2.916321e+06  0.000000e+00
3.250000e-07  2.554921e+06  0.000000e+00
3.500000e-07  2.041207e+06  0.000000e+00
3.750000e-07  1.691840e+06  0.000000e+00
4.500000e-07  1.362256e+06  0.000000e+00
6.250000e-07  9.694033e+05  0.000000e+00
1.010000e-06  7.670928e+05  0.000000e+00
1.080000e-06  6.568755e+05  0.000000e+00
1.130000e-06  3.351819e+05  0.000000e+00
5.000000e-06  1.574834e+05  0.000000e+00
6.250000e-06  1.473516e+05  0.000000e+00
6.500000e-06  1.421333e+05  0.000000e+00
6.880000e-06  1.198127e+05  0.000000e+00
7.000000e-06  1.052644e+05  0.000000e+00
2.050000e-05  5.352767e+04  0.000000e+00
2.120000e-05  8.074517e+04  0.000000e+00
2.180000e-05  5.963436e+04  0.000000e+00
3.600000e-05  5.279866e+04  0.000000e+00
3.710000e-05  4.361132e+04  0.000000e+00
6.500000e-05  4.257905e+04  0.000000e+00
6.750000e-05  3.544037e+04  0.000000e+00
1.010000e-04  3.223817e+04  0.000000e+00
1.050000e-04  3.147383e+04  0.000000e+00
1.160000e-04  2.767089e+04  0.000000e+00
1.180000e-04  2.403626e+04  0.000000e+00
1.880000e-04  2.074078e+04  0.000000e+00
1.920000e-04  9.853271e+03  0.000000e+00
2.250000e-03  3.848215e+03  0.000000e+00
3.740000e-03  1.514832e+03  0.000000e+00
1.700000e-02  8.822049e+02  0.000000e+00
2.000000e-02  4.591266e+02  0.000000e+00
5.000000e-02  1.093956e+02  0.000000e+00
2.000000e-01  3.908777e+01  0.000000e+00
2.700000e-01  2.532733e+01  0.000000e+00
3.300000e-01  1.586705e+01  0.000000e+00
4.700000e-01  1.278934e+01  0.000000e+00
6.000000e-01  1.141650e+01  0.000000e+00
7.500000e-01  1.064337e+01  0.000000e+00
8.610000e-01  1.093145e+01  0.000000e+00
1.200000e+00  1.412152e+01  0.000000e+00
1.500000e+00  1.655522e+01  0.000000e+00
1.850000e+00  2.027205e+01  0.000000e+00
3.000000e+00  1.384986e+01  0.000000e+00
4.300000e+00  7.807203e+00  0.000000e+00
6.430000e+00  0.000000e+00  0.000000e+00
