1.000000e-11  8.941853e+13  0.000000e+00
4.000000e-09  9.354268e+13  0.000000e+00
1.000000e-08  4.731245e+13  0.000000e+00
2.530000e-08  2.242124e+13  0.000000e+00
4.000000e-08  1.097724e+13  0.000000e+00
5.000000e-08  6.003409e+12  0.000000e+00
6.000000e-08  2.384156e+12  0.000000e+00
8.000000e-08  1.117632e+12  0.000000e+00
1.000000e-07  3.316937e+11  0.000000e+00
1.500000e-07  1.227752e+11  0.000000e+00
2.000000e-07  5.073404e+10  0.000000e+00
2.500000e-07  3.588334e+10  0.000000e+00
3.250000e-07  3.239757e+10  0.000000e+00
3.500000e-07  2.605198e+10  0.000000e+00
3.750000e-07  2.194828e+10  0.000000e+00
4.500000e-07  1.792826e+10  0.000000e+00
6.250000e-07  1.354273e+10  0.000000e+00
1.010000e-06  1.091032e+10  0.000000e+00
1.080000e-06  9.491035e+09  0.000000e+00
1.130000e-06  5.255084e+09  0.000000e+00
5.000000e-06  2.619398e+09  0.000000e+00
6.250000e-06  2.497904e+09  0.000000e+00
6.500000e-06  2.442607e+09  0.000000e+00
6.880000e-06  2.015047e+09  0.000000e+00
7.000000e-06  1.828899e+09  0.000000e+00
2.050000e-05  9.669782e+08  0.000000e+00
2.120000e-05  1.464051e+09  0.000000e+00
2.180000e-05  1.064671e+09  0.000000e+00
3.600000e-05  9.409796e+08  0.000000e+00
3.710000e-05  7.847108e+08  0.000000e+00
6.500000e-05  7.437216e+08  0.000000e+00
6.750000e-05  6.173414e+08  0.000000e+00
1.010000e-04  5.441743e+08  0.000000e+00
1.050000e-04  5.501804e+08  0.000000e+00
1.160000e-04  4.824355e+08  0.000000e+00
1.180000e-04  4.156560e+08  0.000000e+00
1.880000e-04  3.489239e+08  0.000000e+00
1.920000e-04  1.490086e+08  0.000000e+00
2.250000e-03  5.170584e+07  0.000000e+00
3.740000e-03  1.906089e+07  0.000000e+00
1.700000e-02  9.946312e+06  0.000000e+00
2.000000e-02  5.114417e+06  0.000000e+00
5.000000e-02  1.104465e+06  0.000000e+00
2.000000e-01  4.129162e+05  0.000000e+00
2.700000e-01  2.894797e+05  0.000000e+00
3.300000e-01  1.965352e+05  0.000000e+00
4.700000e-01  1.840762e+05  0.000000e+00
6.000000e-01  1.833602e+05  0.000000e+00
7.500000e-01  1.837934e+05  0.000000e+00
8.610000e-01  1.995288e+05  0.000000e+00
1.200000e+00  2.407999e+05  0.000000e+00
1.500000e+00  2.656840e+05  0.000000e+00
1.850000e+00  2.650091e+05  0.000000e+00
3.000000e+00  1.643081e+05  0.000000e+00
4.300000e+00  9.218838e+04  0.000000e+00
6.430000e+00  0.000000e+00  0.000000e+00
