1.000000e-11  4.791776e+13  0.000000e+00
4.000000e-09  8.729768e+13  0.000000e+00
1.000000e-08  5.784287e+13  0.000000e+00
2.530000e-08  2.831023e+13  0.000000e+00
4.000000e-08  1.194148e+13  0.000000e+00
5.000000e-08  5.514838e+12  0.000000e+00
6.000000e-08  1.705392e+12  0.000000e+00
8.000000e-08  6.120873e+11  0.000000e+00
1.000000e-07  1.139352e+11  0.000000e+00
1.500000e-07  3.164191e+10  0.000000e+00
2.000000e-07  1.078136e+10  0.000000e+00
2.500000e-07  6.445423e+09  0.000000e+00
3.250000e-07  5.830175e+09  0.000000e+00
3.500000e-07  4.005340e+09  0.000000e+00
3.750000e-07  3.246602e+09  0.000000e+00
4.500000e-07  2.435175e+09  0.000000e+00
6.250000e-07  1.913363e+09  0.000000e+00
1.010000e-06  1.639370e+09  0.000000e+00
1.080000e-06  1.245894e+09  0.000000e+00
1.130000e-06  9.015596e+08  0.000000e+00
5.000000e-06  5.162598e+08  0.000000e+00
6.250000e-06  6.079907e+08  0.000000e+00
6.500000e-06  5.694784e+08  0.000000e+00
6.880000e-06  4.814730e+08  0.000000e+00
7.000000e-06  6.043536e+08  0.000000e+00
2.050000e-05  3.420069e+08  0.000000e+00
2.120000e-05  5.615422e+08  0.000000e+00
2.180000e-05  4.671550e+08  0.000000e+00
3.600000e-05  5.219323e+08  0.000000e+00
3.710000e-05  4.679064e+08  0.000000e+00
6.500000e-05  5.766655e+08  0.000000e+00
6.750000e-05  4.933386e+08  0.000000e+00
1.010000e-04  4.686834e+08  0.000000e+00
1.050000e-04  5.110117e+08  0.000000e+00
1.160000e-04  4.408669e+08  0.000000e+00
1.180000e-04  3.762450e+08  0.000000e+00
1.880000e-04  3.493335e+08  0.000000e+00
1.920000e-04  1.919343e+08  0.000000e+00
2.250000e-03  6.644748e+07  0.000000e+00
3.740000e-03  2.108592e+07  0.000000e+00
1.700000e-02  1.045648e+07  0.000000e+00
2.000000e-02  5.059730e+06  0.000000e+00
5.000000e-02  8.046562e+05  0.000000e+00
2.000000e-01  2.332071e+05  0.000000e+00
2.700000e-01  1.350034e+05  0.000000e+00
3.300000e-01  7.780992e+04  0.000000e+00
4.700000e-01  7.547012e+04  0.000000e+00
6.000000e-01  8.116058e+04  0.000000e+00
7.500000e-01  9.835096e+04  0.000000e+00
8.610000e-01  1.699999e+05  0.000000e+00
1.200000e+00  2.370425e+05  0.000000e+00
1.500000e+00  3.311422e+05  0.000000e+00
1.850000e+00  3.713845e+05  0.000000e+00
3.000000e+00  1.547291e+05  0.000000e+00
4.300000e+00  5.091951e+04  0.000000e+00
6.430000e+00  0.000000e+00  0.000000e+00
