1.000000e-11  3.340069e+11  0.000000e+00
4.000000e-09  3.125325e+11  0.000000e+00
1.000000e-08  9.745511e+10  0.000000e+00
2.530000e-08  4.201041e+10  0.000000e+00
4.000000e-08  2.869171e+10  0.000000e+00
5.000000e-08  1.607534e+10  0.000000e+00
6.000000e-08  1.079053e+10  0.000000e+00
8.000000e-08  9.564460e+09  0.000000e+00
1.000000e-07  5.149340e+09  0.000000e+00
1.500000e-07  3.475272e+09  0.000000e+00
2.000000e-07  5.629957e+09  0.000000e+00
2.500000e-07  4.331252e+09  0.000000e+00
3.250000e-07  4.236106e+09  0.000000e+00
3.500000e-07  3.417744e+09  0.000000e+00
3.750000e-07  4.222624e+09  0.000000e+00
4.500000e-07  3.786442e+09  0.000000e+00
6.250000e-07  2.375179e+09  0.000000e+00
1.010000e-06  2.416411e+09  0.000000e+00
1.080000e-06  1.393210e+09  0.000000e+00
1.130000e-06  3.551702e+08  0.000000e+00
5.000000e-06  6.704428e+07  0.000000e+00
6.250000e-06  4.253069e+07  0.000000e+00
6.500000e-06  4.746372e+07  0.000000e+00
6.880000e-06  4.219540e+07  0.000000e+00
7.000000e-06  6.446601e+06  0.000000e+00
2.050000e-05  8.217221e+05  0.000000e+00
2.120000e-05  7.043017e+05  0.000000e+00
2.180000e-05  2.839756e+05  0.000000e+00
3.600000e-05  1.161559e+05  0.000000e+00
3.710000e-05  2.394592e+04  0.000000e+00
6.500000e-05  1.106984e+04  0.000000e+00
6.750000e-05  3.134697e+03  0.000000e+00
1.010000e-04  1.226904e+03  0.000000e+00
1.050000e-04  8.788453e+02  0.000000e+00
1.160000e-04  5.814729e+02  0.000000e+00
1.180000e-04  1.055901e+02  0.000000e+00
1.880000e-04  4.595555e+01  0.000000e+00
1.920000e-04  1.090213e-03  0.000000e+00
2.250000e-03  5.283809e-07  0.000000e+00
3.740000e-03  5.295985e-12  0.000000e+00
1.700000e-02  7.769655e-15  0.000000e+00
2.000000e-02  1.276237e-18  0.000000e+00
5.000000e-02  7.843986e-30  0.000000e+00
2.000000e-01  4.346478e-38  0.000000e+00
2.700000e-01  4.285098e-42  0.000000e+00
3.300000e-01  3.563474e-46  0.000000e+00
4.700000e-01  1.560605e-49  0.000000e+00
6.000000e-01  7.686435e-51  0.000000e+00
7.500000e-01  1.125295e-50  0.000000e+00
8.610000e-01  3.953289e-48  0.000000e+00
1.200000e+00  1.077031e-42  0.000000e+00
1.500000e+00  6.649584e-37  0.000000e+00
1.850000e+00  4.784361e-26  0.000000e+00
3.000000e+00  5.080504e-15  0.000000e+00
4.300000e+00  4.154067e+04  0.000000e+00
6.430000e+00  0.000000e+00  0.000000e+00
