1.000000e-11  2.052140e+11  0.000000e+00
4.000000e-09  3.431129e+11  0.000000e+00
1.000000e-08  3.588593e+10  0.000000e+00
2.530000e-08  1.552753e+10  0.000000e+00
4.000000e-08  7.010433e+09  0.000000e+00
5.000000e-08  2.240519e+09  0.000000e+00
6.000000e-08  6.613984e+08  0.000000e+00
8.000000e-08  3.295619e+09  0.000000e+00
1.000000e-07  5.908373e+09  0.000000e+00
1.500000e-07  2.924396e+10  0.000000e+00
2.000000e-07  2.137161e+10  0.000000e+00
2.500000e-07  4.441732e+10  0.000000e+00
3.250000e-07  2.709573e+10  0.000000e+00
3.500000e-07  9.067420e+09  0.000000e+00
3.750000e-07  4.022352e+09  0.000000e+00
4.500000e-07  6.258881e+09  0.000000e+00
6.250000e-07  8.410713e+07  0.000000e+00
1.010000e-06  4.362106e+07  0.000000e+00
1.080000e-06  3.822228e+06  0.000000e+00
1.130000e-06  9.942651e-01  0.000000e+00
5.000000e-06  7.005351e-07  0.000000e+00
6.250000e-06  5.529263e-08  0.000000e+00
6.500000e-06  1.731260e-08  0.000000e+00
6.880000e-06  1.363743e-08  0.000000e+00
7.000000e-06  1.540133e-14  0.000000e+00
2.050000e-05  3.461357e-20  0.000000e+00
2.120000e-05  1.567326e-21  0.000000e+00
2.180000e-05  1.962913e-23  0.000000e+00
3.600000e-05  1.786734e-25  0.000000e+00
3.710000e-05  2.591869e-30  0.000000e+00
6.500000e-05  3.704114e-32  0.000000e+00
6.750000e-05  2.834321e-35  0.000000e+00
1.010000e-04  8.210592e-38  0.000000e+00
1.050000e-04  2.235572e-38  0.000000e+00
1.160000e-04  4.931722e-39  0.000000e+00
1.180000e-04  2.165199e-43  0.000000e+00
1.880000e-04  2.094730e-44  0.000000e+00
1.920000e-04  2.444230e-63  0.000000e+00
2.250000e-03  4.004227e-73  0.000000e+00
3.740000e-03  1.129849e-73  0.000000e+00
1.700000e-02  6.504480e-74  0.000000e+00
2.000000e-02  4.523521e-74  0.000000e+00
5.000000e-02  3.015681e-74  0.000000e+00
2.000000e-01  3.573930e-74  0.000000e+00
2.700000e-01  4.314952e-74  0.000000e+00
3.300000e-01  8.404694e-74  0.000000e+00
4.700000e-01  7.709363e-74  0.000000e+00
6.000000e-01  9.066906e-74  0.000000e+00
7.500000e-01  1.186701e-73  0.000000e+00
8.610000e-01  1.300813e-73  0.000000e+00
1.200000e+00  1.394978e-73  0.000000e+00
1.500000e+00  1.378339e-73  0.000000e+00
1.850000e+00  6.509896e-69  0.000000e+00
3.000000e+00  3.344518e-33  0.000000e+00
4.300000e+00  3.608322e+04  0.000000e+00
6.430000e+00  0.000000e+00  0.000000e+00
