1.000000e-11  9.583158e+10  0.000000e+00
4.000000e-09  1.633538e+11  0.000000e+00
1.000000e-08  1.289766e+11  0.000000e+00
2.530000e-08  9.698062e+10  0.000000e+00
4.000000e-08  6.388582e+10  0.000000e+00
5.000000e-08  4.219583e+10  0.000000e+00
6.000000e-08  2.041875e+10  0.000000e+00
8.000000e-08  1.739461e+10  0.000000e+00
1.000000e-07  9.427835e+09  0.000000e+00
1.500000e-07  6.210036e+09  0.000000e+00
2.000000e-07  2.853712e+09  0.000000e+00
2.500000e-07  2.819529e+09  0.000000e+00
3.250000e-07  2.926423e+09  0.000000e+00
3.500000e-07  2.321672e+09  0.000000e+00
3.750000e-07  1.965624e+09  0.000000e+00
4.500000e-07  2.114661e+09  0.000000e+00
6.250000e-07  1.634182e+09  0.000000e+00
1.010000e-06  1.528880e+09  0.000000e+00
1.080000e-06  1.156394e+09  0.000000e+00
1.130000e-06  3.707286e+08  0.000000e+00
5.000000e-06  8.225831e+07  0.000000e+00
6.250000e-06  6.962023e+07  0.000000e+00
6.500000e-06  6.124729e+07  0.000000e+00
6.880000e-06  5.094038e+07  0.000000e+00
7.000000e-06  1.774440e+07  0.000000e+00
2.050000e-05  3.126715e+06  0.000000e+00
2.120000e-05  3.343720e+06  0.000000e+00
2.180000e-05  1.624693e+06  0.000000e+00
3.600000e-05  9.142023e+05  0.000000e+00
3.710000e-05  2.189294e+05  0.000000e+00
6.500000e-05  1.205428e+05  0.000000e+00
6.750000e-05  4.126478e+04  0.000000e+00
1.010000e-04  1.700299e+04  0.000000e+00
1.050000e-04  1.382985e+04  0.000000e+00
1.160000e-04  9.793725e+03  0.000000e+00
1.180000e-04  2.158039e+03  0.000000e+00
1.880000e-04  1.129001e+03  0.000000e+00
1.920000e-04  1.330078e-01  0.000000e+00
2.250000e-03  1.575431e-04  0.000000e+00
3.740000e-03  3.489217e-09  0.000000e+00
1.700000e-02  7.063310e-12  0.000000e+00
2.000000e-02  1.384927e-15  0.000000e+00
5.000000e-02  6.099922e-27  0.000000e+00
2.000000e-01  4.429106e-36  0.000000e+00
2.700000e-01  5.711641e-40  0.000000e+00
3.300000e-01  3.589960e-44  0.000000e+00
4.700000e-01  1.486005e-47  0.000000e+00
6.000000e-01  4.436876e-49  0.000000e+00
7.500000e-01  3.395448e-49  0.000000e+00
8.610000e-01  5.784676e-47  0.000000e+00
1.200000e+00  8.317778e-42  0.000000e+00
1.500000e+00  3.032400e-36  0.000000e+00
1.850000e+00  1.779517e-25  0.000000e+00
3.000000e+00  1.381882e-14  0.000000e+00
4.300000e+00  4.156514e+04  0.000000e+00
6.430000e+00  0.000000e+00  0.000000e+00
