1.000000e-11  3.818629e+07  0.000000e+00
4.000000e-09  1.921485e+07  0.000000e+00
1.000000e-08  5.722803e+06  0.000000e+00
2.530000e-08  3.079657e+06  0.000000e+00
4.000000e-08  1.776467e+06  0.000000e+00
5.000000e-08  1.190242e+06  0.000000e+00
6.000000e-08  6.790396e+05  0.000000e+00
8.000000e-08  6.207802e+05  0.000000e+00
1.000000e-07  4.597750e+05  0.000000e+00
1.500000e-07  4.587242e+05  0.000000e+00
2.000000e-07  3.735524e+05  0.000000e+00
2.500000e-07  3.675402e+05  0.000000e+00
3.250000e-07  3.584450e+05  0.000000e+00
3.500000e-07  2.955521e+05  0.000000e+00
3.750000e-07  2.599651e+05  0.000000e+00
4.500000e-07  2.549712e+05  0.000000e+00
6.250000e-07  1.719189e+05  0.000000e+00
1.010000e-06  1.594026e+05  0.000000e+00
1.080000e-06  1.197476e+05  0.000000e+00
1.130000e-06  2.788833e+04  0.000000e+00
5.000000e-06  5.336784e+03  0.000000e+00
6.250000e-06  4.440252e+03  0.000000e+00
6.500000e-06  3.636143e+03  0.000000e+00
6.880000e-06  3.606786e+03  0.000000e+00
7.000000e-06  6.808594e+02  0.000000e+00
2.050000e-05  9.140275e+01  0.000000e+00
2.120000e-05  8.990283e+01  0.000000e+00
2.180000e-05  3.586350e+01  0.000000e+00
3.600000e-05  1.801815e+01  0.000000e+00
3.710000e-05  3.742569e+00  0.000000e+00
6.500000e-05  1.960967e+00  0.000000e+00
6.750000e-05  6.174616e-01  0.000000e+00
1.010000e-04  2.592377e-01  0.000000e+00
1.050000e-04  1.989250e-01  0.000000e+00
1.160000e-04  1.477576e-01  0.000000e+00
1.180000e-04  2.614596e-02  0.000000e+00
1.880000e-04  1.323501e-02  0.000000e+00
1.920000e-04  5.225881e-07  0.000000e+00
2.250000e-03  4.246068e-10  0.000000e+00
3.740000e-03  6.375439e-15  0.000000e+00
1.700000e-02  1.216179e-17  0.000000e+00
2.000000e-02  2.271038e-21  0.000000e+00
5.000000e-02  2.412808e-32  0.000000e+00
2.000000e-01  5.206141e-40  0.000000e+00
2.700000e-01  2.818017e-44  0.000000e+00
3.300000e-01  7.270261e-49  0.000000e+00
4.700000e-01  3.924290e-52  0.000000e+00
6.000000e-01  2.021236e-53  0.000000e+00
7.500000e-01  2.585742e-53  0.000000e+00
8.610000e-01  8.642523e-51  0.000000e+00
1.200000e+00  1.633130e-45  0.000000e+00
1.500000e+00  6.667467e-40  0.000000e+00
1.850000e+00  3.704480e-29  0.000000e+00
3.000000e+00  2.591157e-18  0.000000e+00
4.300000e+00  3.103767e+00  0.000000e+00
6.430000e+00  0.000000e+00  0.000000e+00
