1.000000e-11  7.290069e+09  0.000000e+00
4.000000e-09  2.142357e+10  0.000000e+00
1.000000e-08  3.743322e+10  0.000000e+00
2.530000e-08  5.084546e+10  0.000000e+00
4.000000e-08  4.585543e+10  0.000000e+00
5.000000e-08  4.281221e+10  0.000000e+00
6.000000e-08  4.463144e+10  0.000000e+00
8.000000e-08  3.195822e+10  0.000000e+00
1.000000e-07  2.187241e+10  0.000000e+00
1.500000e-07  1.030876e+10  0.000000e+00
2.000000e-07  5.604827e+09  0.000000e+00
2.500000e-07  2.772812e+09  0.000000e+00
3.250000e-07  1.460873e+09  0.000000e+00
3.500000e-07  1.114839e+09  0.000000e+00
3.750000e-07  6.925811e+08  0.000000e+00
4.500000e-07  2.441932e+08  0.000000e+00
6.250000e-07  3.226998e+07  0.000000e+00
1.010000e-06  1.038529e+07  0.000000e+00
1.080000e-06  8.274136e+06  0.000000e+00
1.130000e-06  7.445503e+04  0.000000e+00
5.000000e-06  2.887533e+03  0.000000e+00
6.250000e-06  1.622991e+03  0.000000e+00
6.500000e-06  1.384349e+03  0.000000e+00
6.880000e-06  1.114050e+03  0.000000e+00
7.000000e-06  8.120826e+01  0.000000e+00
2.050000e-05  9.860403e+00  0.000000e+00
2.120000e-05  1.307845e+01  0.000000e+00
2.180000e-05  3.802249e+00  0.000000e+00
3.600000e-05  1.727818e+00  0.000000e+00
3.710000e-05  6.815734e-01  0.000000e+00
6.500000e-05  3.432225e-01  0.000000e+00
6.750000e-05  1.854126e-01  0.000000e+00
1.010000e-04  1.093983e-01  0.000000e+00
1.050000e-04  1.046859e-01  0.000000e+00
1.160000e-04  9.118668e-02  0.000000e+00
1.180000e-04  4.413104e-02  0.000000e+00
1.880000e-04  2.878747e-02  0.000000e+00
1.920000e-04  1.291431e-03  0.000000e+00
2.250000e-03  2.943418e-04  0.000000e+00
3.740000e-03  6.196679e-05  0.000000e+00
1.700000e-02  2.622455e-05  0.000000e+00
2.000000e-02  8.418710e-06  0.000000e+00
5.000000e-02  1.739919e-07  0.000000e+00
2.000000e-01  7.126131e-09  0.000000e+00
2.700000e-01  1.766382e-09  0.000000e+00
3.300000e-01  4.120097e-10  0.000000e+00
4.700000e-01  1.984159e-10  0.000000e+00
6.000000e-01  2.351369e-10  0.000000e+00
7.500000e-01  4.889356e-10  0.000000e+00
8.610000e-01  5.418059e-09  0.000000e+00
1.200000e+00  2.497111e-07  0.000000e+00
1.500000e+00  1.380500e-05  0.000000e+00
1.850000e+00  1.784658e-02  0.000000e+00
3.000000e+00  8.114998e+00  0.000000e+00
4.300000e+00  3.811938e+04  0.000000e+00
6.430000e+00  0.000000e+00  0.000000e+00
