1.000000e-11  8.771538e+11  0.000000e+00
4.000000e-09  6.343998e+11  0.000000e+00
1.000000e-08  1.395957e+11  0.000000e+00
2.530000e-08  4.693509e+10  0.000000e+00
4.000000e-08  2.614172e+10  0.000000e+00
5.000000e-08  1.313928e+10  0.000000e+00
6.000000e-08  7.526508e+09  0.000000e+00
8.000000e-08  5.686736e+09  0.000000e+00
1.000000e-07  2.656914e+09  0.000000e+00
1.500000e-07  1.707163e+09  0.000000e+00
2.000000e-07  2.850198e+09  0.000000e+00
2.500000e-07  2.235755e+09  0.000000e+00
3.250000e-07  2.462191e+09  0.000000e+00
3.500000e-07  1.989662e+09  0.000000e+00
3.750000e-07  2.620987e+09  0.000000e+00
4.500000e-07  2.494578e+09  0.000000e+00
6.250000e-07  2.096993e+09  0.000000e+00
1.010000e-06  2.445479e+09  0.000000e+00
1.080000e-06  1.442699e+09  0.000000e+00
1.130000e-06  8.896751e+08  0.000000e+00
5.000000e-06  3.365680e+08  0.000000e+00
6.250000e-06  2.599310e+08  0.000000e+00
6.500000e-06  3.039249e+08  0.000000e+00
6.880000e-06  2.818388e+08  0.000000e+00
7.000000e-06  9.884508e+07  0.000000e+00
2.050000e-05  2.635756e+07  0.000000e+00
2.120000e-05  2.519875e+07  0.000000e+00
2.180000e-05  1.522221e+07  0.000000e+00
3.600000e-05  9.332266e+06  0.000000e+00
3.710000e-05  3.814575e+06  0.000000e+00
6.500000e-05  2.778913e+06  0.000000e+00
6.750000e-05  1.255003e+06  0.000000e+00
1.010000e-04  7.862337e+05  0.000000e+00
1.050000e-04  6.289744e+05  0.000000e+00
1.160000e-04  4.498822e+05  0.000000e+00
1.180000e-04  1.671435e+05  0.000000e+00
1.880000e-04  1.023895e+05  0.000000e+00
1.920000e-04  1.719163e+02  0.000000e+00
2.250000e-03  1.294425e+00  0.000000e+00
3.740000e-03  8.650361e-04  0.000000e+00
1.700000e-02  1.386560e-05  0.000000e+00
2.000000e-02  4.814795e-08  0.000000e+00
5.000000e-02  1.314461e-15  0.000000e+00
2.000000e-01  1.728504e-21  0.000000e+00
2.700000e-01  1.332506e-24  0.000000e+00
3.300000e-01  5.439110e-28  0.000000e+00
4.700000e-01  4.264996e-31  0.000000e+00
6.000000e-01  1.154213e-32  0.000000e+00
7.500000e-01  4.499776e-33  0.000000e+00
8.610000e-01  5.360154e-32  0.000000e+00
1.200000e+00  8.781539e-29  0.000000e+00
1.500000e+00  4.488020e-25  0.000000e+00
1.850000e+00  8.100758e-18  0.000000e+00
3.000000e+00  3.829742e-10  0.000000e+00
4.300000e+00  5.800553e+04  0.000000e+00
6.430000e+00  0.000000e+00  0.000000e+00
