1.000000e-11  9.244501e+11  0.000000e+00
4.000000e-09  1.633172e+12  0.000000e+00
1.000000e-08  2.443532e+11  0.000000e+00
2.530000e-08  9.863956e+10  0.000000e+00
4.000000e-08  4.214178e+10  0.000000e+00
5.000000e-08  1.527710e+10  0.000000e+00
6.000000e-08  4.772045e+09  0.000000e+00
8.000000e-08  9.922865e+09  0.000000e+00
1.000000e-07  8.969874e+09  0.000000e+00
1.500000e-07  1.774083e+10  0.000000e+00
2.000000e-07  1.463041e+10  0.000000e+00
2.500000e-07  1.779948e+10  0.000000e+00
3.250000e-07  1.357937e+10  0.000000e+00
3.500000e-07  5.615975e+09  0.000000e+00
3.750000e-07  3.230483e+09  0.000000e+00
4.500000e-07  3.263462e+09  0.000000e+00
6.250000e-07  1.427746e+08  0.000000e+00
1.010000e-06  8.430407e+07  0.000000e+00
1.080000e-06  1.271780e+07  0.000000e+00
1.130000e-06  2.794818e+02  0.000000e+00
5.000000e-06  8.838486e-03  0.000000e+00
6.250000e-06  1.692164e-03  0.000000e+00
6.500000e-06  8.684438e-04  0.000000e+00
6.880000e-06  6.048544e-04  0.000000e+00
7.000000e-06  3.718889e-08  0.000000e+00
2.050000e-05  3.504684e-12  0.000000e+00
2.120000e-05  4.739828e-13  0.000000e+00
2.180000e-05  1.630259e-14  0.000000e+00
3.600000e-05  5.955007e-16  0.000000e+00
3.710000e-05  2.634834e-19  0.000000e+00
6.500000e-05  1.157359e-20  0.000000e+00
6.750000e-05  6.615379e-23  0.000000e+00
1.010000e-04  1.017250e-24  0.000000e+00
1.050000e-04  4.866507e-25  0.000000e+00
1.160000e-04  1.382785e-25  0.000000e+00
1.180000e-04  1.248178e-28  0.000000e+00
1.880000e-04  1.937377e-29  0.000000e+00
1.920000e-04  4.342433e-43  0.000000e+00
2.250000e-03  1.832497e-50  0.000000e+00
3.740000e-03  1.757589e-61  0.000000e+00
1.700000e-02  6.677576e-67  0.000000e+00
2.000000e-02  4.523521e-74  0.000000e+00
5.000000e-02  3.015681e-74  0.000000e+00
2.000000e-01  3.573930e-74  0.000000e+00
2.700000e-01  4.314952e-74  0.000000e+00
3.300000e-01  8.404694e-74  0.000000e+00
4.700000e-01  7.709363e-74  0.000000e+00
6.000000e-01  9.066906e-74  0.000000e+00
7.500000e-01  1.186701e-73  0.000000e+00
8.610000e-01  1.300813e-73  0.000000e+00
1.200000e+00  1.394978e-73  0.000000e+00
1.500000e+00  1.378339e-73  0.000000e+00
1.850000e+00  3.464164e-61  0.000000e+00
3.000000e+00  3.869476e-30  0.000000e+00
4.300000e+00  7.177194e+04  0.000000e+00
6.430000e+00  0.000000e+00  0.000000e+00
