1.000000e-11  8.310605e+11  0.000000e+00
4.000000e-09  5.010206e+11  0.000000e+00
1.000000e-08  9.435674e+09  0.000000e+00
2.530000e-08  2.711939e+09  0.000000e+00
4.000000e-08  5.726172e+08  0.000000e+00
5.000000e-08  1.188115e+08  0.000000e+00
6.000000e-08  7.052707e+06  0.000000e+00
8.000000e-08  1.262151e+08  0.000000e+00
1.000000e-07  6.152991e+08  0.000000e+00
1.500000e-07  2.767880e+10  0.000000e+00
2.000000e-07  5.166254e+09  0.000000e+00
2.500000e-07  5.203350e+10  0.000000e+00
3.250000e-07  5.910196e+10  0.000000e+00
3.500000e-07  1.179365e+10  0.000000e+00
3.750000e-07  2.438710e+09  0.000000e+00
4.500000e-07  1.546737e+10  0.000000e+00
6.250000e-07  1.133342e+08  0.000000e+00
1.010000e-06  9.509028e+07  0.000000e+00
1.080000e-06  2.727124e+06  0.000000e+00
1.130000e-06  1.263390e-03  0.000000e+00
5.000000e-06  3.518929e-13  0.000000e+00
6.250000e-06  1.646658e-14  0.000000e+00
6.500000e-06  1.889367e-15  0.000000e+00
6.880000e-06  9.967188e-16  0.000000e+00
7.000000e-06  9.312747e-25  0.000000e+00
2.050000e-05  8.850612e-34  0.000000e+00
2.120000e-05  5.505691e-36  0.000000e+00
2.180000e-05  4.226887e-39  0.000000e+00
3.600000e-05  3.169788e-42  0.000000e+00
3.710000e-05  2.561568e-50  0.000000e+00
6.500000e-05  2.006681e-53  0.000000e+00
6.750000e-05  1.075056e-58  0.000000e+00
1.010000e-04  4.363786e-63  0.000000e+00
1.050000e-04  8.735877e-64  0.000000e+00
1.160000e-04  5.851694e-65  0.000000e+00
1.180000e-04  1.155452e-68  0.000000e+00
1.880000e-04  8.667825e-69  0.000000e+00
1.920000e-04  2.204599e-69  0.000000e+00
2.250000e-03  6.300898e-70  0.000000e+00
3.740000e-03  2.283802e-70  0.000000e+00
1.700000e-02  1.169253e-70  0.000000e+00
2.000000e-02  6.884600e-71  0.000000e+00
5.000000e-02  3.104165e-71  0.000000e+00
2.000000e-01  2.170826e-71  0.000000e+00
2.700000e-01  1.958838e-71  0.000000e+00
3.300000e-01  1.653852e-71  0.000000e+00
4.700000e-01  1.633135e-71  0.000000e+00
6.000000e-01  1.555513e-71  0.000000e+00
7.500000e-01  1.397540e-71  0.000000e+00
8.610000e-01  1.144204e-71  0.000000e+00
1.200000e+00  1.040139e-71  0.000000e+00
1.500000e+00  8.791651e-72  0.000000e+00
1.850000e+00  5.876691e-72  0.000000e+00
3.000000e+00  2.654521e-72  0.000000e+00
4.300000e+00  5.884628e+04  0.000000e+00
6.430000e+00  0.000000e+00  0.000000e+00
