1.000000e-11  3.112200e+11  0.000000e+00
4.000000e-09  4.174929e+11  0.000000e+00
1.000000e-08  2.414343e+11  0.000000e+00
2.530000e-08  1.426897e+11  0.000000e+00
4.000000e-08  7.764528e+10  0.000000e+00
5.000000e-08  4.621485e+10  0.000000e+00
6.000000e-08  1.919629e+10  0.000000e+00
8.000000e-08  1.349448e+10  0.000000e+00
1.000000e-07  6.071743e+09  0.000000e+00
1.500000e-07  3.579463e+09  0.000000e+00
2.000000e-07  1.649210e+09  0.000000e+00
2.500000e-07  1.580918e+09  0.000000e+00
3.250000e-07  1.756929e+09  0.000000e+00
3.500000e-07  1.391520e+09  0.000000e+00
3.750000e-07  1.226891e+09  0.000000e+00
4.500000e-07  1.329586e+09  0.000000e+00
6.250000e-07  1.250502e+09  0.000000e+00
1.010000e-06  1.265807e+09  0.000000e+00
1.080000e-06  9.812877e+08  0.000000e+00
1.130000e-06  6.163733e+08  0.000000e+00
5.000000e-06  2.382372e+08  0.000000e+00
6.250000e-06  2.352716e+08  0.000000e+00
6.500000e-06  2.160235e+08  0.000000e+00
6.880000e-06  1.850119e+08  0.000000e+00
7.000000e-06  1.272873e+08  0.000000e+00
2.050000e-05  4.180094e+07  0.000000e+00
2.120000e-05  5.031300e+07  0.000000e+00
2.180000e-05  3.369994e+07  0.000000e+00
3.600000e-05  2.646990e+07  0.000000e+00
3.710000e-05  1.169174e+07  0.000000e+00
6.500000e-05  9.400632e+06  0.000000e+00
6.750000e-05  4.881203e+06  0.000000e+00
1.010000e-04  3.044770e+06  0.000000e+00
1.050000e-04  2.735436e+06  0.000000e+00
1.160000e-04  2.079692e+06  0.000000e+00
1.180000e-04  8.753778e+05  0.000000e+00
1.880000e-04  6.105577e+05  0.000000e+00
1.920000e-04  3.316631e+03  0.000000e+00
2.250000e-03  4.729195e+01  0.000000e+00
3.740000e-03  5.234825e-02  0.000000e+00
1.700000e-02  9.734924e-04  0.000000e+00
2.000000e-02  3.428472e-06  0.000000e+00
5.000000e-02  4.778085e-14  0.000000e+00
2.000000e-01  7.767503e-21  0.000000e+00
2.700000e-01  7.556979e-24  0.000000e+00
3.300000e-01  2.390192e-27  0.000000e+00
4.700000e-01  2.035214e-30  0.000000e+00
6.000000e-01  4.014809e-32  0.000000e+00
7.500000e-01  9.870816e-33  0.000000e+00
8.610000e-01  7.903686e-32  0.000000e+00
1.200000e+00  1.019027e-28  0.000000e+00
1.500000e+00  4.329417e-25  0.000000e+00
1.850000e+00  1.056864e-17  0.000000e+00
3.000000e+00  5.825084e-10  0.000000e+00
4.300000e+00  5.800270e+04  0.000000e+00
6.430000e+00  0.000000e+00  0.000000e+00
