1.000000e-11  1.183714e+12  0.000000e+00
4.000000e-09  4.858664e+11  0.000000e+00
1.000000e-08  1.109880e+11  0.000000e+00
2.530000e-08  4.880565e+10  0.000000e+00
4.000000e-08  2.391912e+10  0.000000e+00
5.000000e-08  1.476979e+10  0.000000e+00
6.000000e-08  7.436544e+09  0.000000e+00
8.000000e-08  5.853004e+09  0.000000e+00
1.000000e-07  3.799310e+09  0.000000e+00
1.500000e-07  3.555489e+09  0.000000e+00
2.000000e-07  2.970563e+09  0.000000e+00
2.500000e-07  2.929646e+09  0.000000e+00
3.250000e-07  3.135520e+09  0.000000e+00
3.500000e-07  2.601883e+09  0.000000e+00
3.750000e-07  2.415400e+09  0.000000e+00
4.500000e-07  2.460633e+09  0.000000e+00
6.250000e-07  2.116855e+09  0.000000e+00
1.010000e-06  2.183168e+09  0.000000e+00
1.080000e-06  1.687547e+09  0.000000e+00
1.130000e-06  8.497494e+08  0.000000e+00
5.000000e-06  3.027732e+08  0.000000e+00
6.250000e-06  2.975462e+08  0.000000e+00
6.500000e-06  2.551195e+08  0.000000e+00
6.880000e-06  2.623154e+08  0.000000e+00
7.000000e-06  1.039741e+08  0.000000e+00
2.050000e-05  2.742741e+07  0.000000e+00
2.120000e-05  3.005462e+07  0.000000e+00
2.180000e-05  1.712588e+07  0.000000e+00
3.600000e-05  1.228153e+07  0.000000e+00
3.710000e-05  4.833207e+06  0.000000e+00
6.500000e-05  3.777401e+06  0.000000e+00
6.750000e-05  1.838580e+06  0.000000e+00
1.010000e-04  1.191216e+06  0.000000e+00
1.050000e-04  1.007726e+06  0.000000e+00
1.160000e-04  8.065583e+05  0.000000e+00
1.180000e-04  2.798731e+05  0.000000e+00
1.880000e-04  1.920403e+05  0.000000e+00
1.920000e-04  3.936650e+02  0.000000e+00
2.250000e-03  4.093554e+00  0.000000e+00
3.740000e-03  3.162010e-03  0.000000e+00
1.700000e-02  5.562047e-05  0.000000e+00
2.000000e-02  1.800959e-07  0.000000e+00
5.000000e-02  4.482640e-15  0.000000e+00
2.000000e-01  1.255414e-20  0.000000e+00
2.700000e-01  3.795714e-24  0.000000e+00
3.300000e-01  3.065983e-28  0.000000e+00
4.700000e-01  1.782342e-31  0.000000e+00
6.000000e-01  3.496168e-33  0.000000e+00
7.500000e-01  9.586194e-34  0.000000e+00
8.610000e-01  9.848363e-33  0.000000e+00
1.200000e+00  1.454596e-29  0.000000e+00
1.500000e+00  7.425322e-26  0.000000e+00
1.850000e+00  2.857549e-18  0.000000e+00
3.000000e+00  2.955707e-10  0.000000e+00
4.300000e+00  5.799416e+04  0.000000e+00
6.430000e+00  0.000000e+00  0.000000e+00
