1.000000e-11  9.638513e+07  0.000000e+00
4.000000e-09  3.431650e+07  0.000000e+00
1.000000e-08  6.751018e+05  0.000000e+00
2.530000e-08  1.218086e+05  0.000000e+00
4.000000e-08  1.585901e+04  0.000000e+00
5.000000e-08  3.501693e+03  0.000000e+00
6.000000e-08  3.420670e+02  0.000000e+00
8.000000e-08  1.028401e+03  0.000000e+00
1.000000e-07  1.958844e+03  0.000000e+00
1.500000e-07  2.729881e+04  0.000000e+00
2.000000e-07  1.986271e+04  0.000000e+00
2.500000e-07  1.358855e+05  0.000000e+00
3.250000e-07  5.201190e+05  0.000000e+00
3.500000e-07  1.989078e+05  0.000000e+00
3.750000e-07  1.564978e+05  0.000000e+00
4.500000e-07  1.013001e+06  0.000000e+00
6.250000e-07  9.051799e+05  0.000000e+00
1.010000e-06  3.455140e+06  0.000000e+00
1.080000e-06  4.757518e+05  0.000000e+00
1.130000e-06  2.031307e+03  0.000000e+00
5.000000e-06  8.150083e-01  0.000000e+00
6.250000e-06  6.189540e-01  0.000000e+00
6.500000e-06  2.130274e-01  0.000000e+00
6.880000e-06  2.267747e-01  0.000000e+00
7.000000e-06  1.865721e-04  0.000000e+00
2.050000e-05  4.551577e-08  0.000000e+00
2.120000e-05  4.890632e-09  0.000000e+00
2.180000e-05  4.824593e-10  0.000000e+00
3.600000e-05  5.883116e-11  0.000000e+00
3.710000e-05  2.471125e-14  0.000000e+00
6.500000e-05  2.993219e-15  0.000000e+00
6.750000e-05  1.705407e-17  0.000000e+00
1.010000e-04  3.395069e-19  0.000000e+00
1.050000e-04  1.662064e-19  0.000000e+00
1.160000e-04  4.476222e-20  0.000000e+00
1.180000e-04  3.066409e-23  0.000000e+00
1.880000e-04  7.623309e-24  0.000000e+00
1.920000e-04  8.816723e-38  0.000000e+00
2.250000e-03  1.997740e-45  0.000000e+00
3.740000e-03  1.342736e-57  0.000000e+00
1.700000e-02  1.739137e-63  0.000000e+00
2.000000e-02  4.666137e-73  0.000000e+00
5.000000e-02  2.708695e-76  0.000000e+00
2.000000e-01  2.708695e-76  0.000000e+00
2.700000e-01  2.708695e-76  0.000000e+00
3.300000e-01  2.708695e-76  0.000000e+00
4.700000e-01  2.708695e-76  0.000000e+00
6.000000e-01  2.708695e-76  0.000000e+00
7.500000e-01  2.708695e-76  0.000000e+00
8.610000e-01  2.708695e-76  0.000000e+00
1.200000e+00  2.708695e-76  0.000000e+00
1.500000e+00  2.708695e-76  0.000000e+00
1.850000e+00  1.128519e-70  0.000000e+00
3.000000e+00  5.517559e-37  0.000000e+00
4.300000e+00  3.968690e+00  0.000000e+00
6.430000e+00  0.000000e+00  0.000000e+00
