1.000000e-11  1.323590e+11  0.000000e+00
4.000000e-09  3.760322e+11  0.000000e+00
1.000000e-08  7.753937e+11  0.000000e+00
2.530000e-08  8.555188e+11  0.000000e+00
4.000000e-08  8.132278e+11  0.000000e+00
5.000000e-08  6.935021e+11  0.000000e+00
6.000000e-08  4.805241e+11  0.000000e+00
8.000000e-08  3.272015e+11  0.000000e+00
1.000000e-07  1.533088e+11  0.000000e+00
1.500000e-07  6.664504e+10  0.000000e+00
2.000000e-07  3.061633e+10  0.000000e+00
2.500000e-07  2.263059e+10  0.000000e+00
3.250000e-07  1.909664e+10  0.000000e+00
3.500000e-07  1.689103e+10  0.000000e+00
3.750000e-07  1.422292e+10  0.000000e+00
4.500000e-07  1.144065e+10  0.000000e+00
6.250000e-07  7.809241e+09  0.000000e+00
1.010000e-06  5.772977e+09  0.000000e+00
1.080000e-06  5.443627e+09  0.000000e+00
1.130000e-06  2.292943e+09  0.000000e+00
5.000000e-06  1.018231e+09  0.000000e+00
6.250000e-06  8.518430e+08  0.000000e+00
6.500000e-06  8.528972e+08  0.000000e+00
6.880000e-06  6.838034e+08  0.000000e+00
7.000000e-06  4.863965e+08  0.000000e+00
2.050000e-05  2.377431e+08  0.000000e+00
2.120000e-05  3.453341e+08  0.000000e+00
2.180000e-05  2.221043e+08  0.000000e+00
3.600000e-05  1.650273e+08  0.000000e+00
3.710000e-05  1.258855e+08  0.000000e+00
6.500000e-05  9.644649e+07  0.000000e+00
6.750000e-05  7.621846e+07  0.000000e+00
1.010000e-04  6.070130e+07  0.000000e+00
1.050000e-04  5.880645e+07  0.000000e+00
1.160000e-04  5.213579e+07  0.000000e+00
1.180000e-04  4.272598e+07  0.000000e+00
1.880000e-04  3.205033e+07  0.000000e+00
1.920000e-04  8.150460e+06  0.000000e+00
2.250000e-03  2.329315e+06  0.000000e+00
3.740000e-03  8.442571e+05  0.000000e+00
1.700000e-02  4.322496e+05  0.000000e+00
2.000000e-02  2.545238e+05  0.000000e+00
5.000000e-02  1.148191e+05  0.000000e+00
2.000000e-01  8.035745e+04  0.000000e+00
2.700000e-01  7.255022e+04  0.000000e+00
3.300000e-01  6.130846e+04  0.000000e+00
4.700000e-01  6.061925e+04  0.000000e+00
6.000000e-01  5.781415e+04  0.000000e+00
7.500000e-01  5.200423e+04  0.000000e+00
8.610000e-01  4.266257e+04  0.000000e+00
1.200000e+00  3.888002e+04  0.000000e+00
1.500000e+00  3.292936e+04  0.000000e+00
1.850000e+00  2.205379e+04  0.000000e+00
3.000000e+00  9.961080e+03  0.000000e+00
4.300000e+00  3.745680e+03  0.000000e+00
6.430000e+00  0.000000e+00  0.000000e+00
