1.000000e-11  1.319769e+11  0.000000e+00
4.000000e-09  3.748887e+11  0.000000e+00
1.000000e-08  7.729230e+11  0.000000e+00
2.530000e-08  8.526932e+11  0.000000e+00
4.000000e-08  8.104892e+11  0.000000e+00
5.000000e-08  6.911335e+11  0.000000e+00
6.000000e-08  4.788422e+11  0.000000e+00
8.000000e-08  3.260279e+11  0.000000e+00
1.000000e-07  1.527389e+11  0.000000e+00
1.500000e-07  6.639212e+10  0.000000e+00
2.000000e-07  3.049967e+10  0.000000e+00
2.500000e-07  2.254334e+10  0.000000e+00
3.250000e-07  1.902258e+10  0.000000e+00
3.500000e-07  1.682542e+10  0.000000e+00
3.750000e-07  1.416765e+10  0.000000e+00
4.500000e-07  1.139620e+10  0.000000e+00
6.250000e-07  7.779184e+09  0.000000e+00
1.010000e-06  5.750896e+09  0.000000e+00
1.080000e-06  5.422848e+09  0.000000e+00
1.130000e-06  2.284662e+09  0.000000e+00
5.000000e-06  1.014726e+09  0.000000e+00
6.250000e-06  8.489388e+08  0.000000e+00
6.500000e-06  8.499997e+08  0.000000e+00
6.880000e-06  6.814887e+08  0.000000e+00
7.000000e-06  4.848383e+08  0.000000e+00
2.050000e-05  2.370206e+08  0.000000e+00
2.120000e-05  3.442789e+08  0.000000e+00
2.180000e-05  2.214495e+08  0.000000e+00
3.600000e-05  1.645526e+08  0.000000e+00
3.710000e-05  1.255364e+08  0.000000e+00
6.500000e-05  9.618713e+07  0.000000e+00
6.750000e-05  7.601876e+07  0.000000e+00
1.010000e-04  6.054648e+07  0.000000e+00
1.050000e-04  5.865758e+07  0.000000e+00
1.160000e-04  5.200459e+07  0.000000e+00
1.180000e-04  4.262232e+07  0.000000e+00
1.880000e-04  3.197447e+07  0.000000e+00
1.920000e-04  8.135797e+06  0.000000e+00
2.250000e-03  2.325939e+06  0.000000e+00
3.740000e-03  8.434224e+05  0.000000e+00
1.700000e-02  4.319474e+05  0.000000e+00
2.000000e-02  2.544221e+05  0.000000e+00
5.000000e-02  1.148958e+05  0.000000e+00
2.000000e-01  8.047901e+04  0.000000e+00
2.700000e-01  7.269404e+04  0.000000e+00
3.300000e-01  6.146228e+04  0.000000e+00
4.700000e-01  6.079671e+04  0.000000e+00
6.000000e-01  5.799323e+04  0.000000e+00
7.500000e-01  5.216472e+04  0.000000e+00
8.610000e-01  4.278331e+04  0.000000e+00
1.200000e+00  3.896494e+04  0.000000e+00
1.500000e+00  3.298002e+04  0.000000e+00
1.850000e+00  2.208578e+04  0.000000e+00
3.000000e+00  9.991098e+03  0.000000e+00
4.300000e+00  3.755273e+03  0.000000e+00
6.430000e+00  0.000000e+00  0.000000e+00
