 5   6.25000000e-07   0.00000000e+00   0.00000000e+00 
 5   1.01000000e-06   0.00000000e+00   0.00000000e+00 
 5   1.08000000e-06   2.35302000e-10   8.91900000e-01 
 5   1.13000000e-06   1.12655000e-15   1.00000000e+00 
 5   5.00000000e-06   1.82546000e-08   7.91100000e-01 
 5   6.25000000e-06   1.21280000e-08   3.58000000e-02 
 5   6.50000000e-06   1.49562000e-08   3.14000000e-02 
 5   6.88000000e-06   1.99144000e-08   2.93000000e-02 
 5   7.00000000e-06   2.24254000e-08   2.85000000e-02 
 5   2.05000000e-05   1.22353000e-06   1.21000000e-02 
 5   2.12000000e-05   1.40328000e-06   1.18000000e-02 
 5   2.18000000e-05   1.52498000e-06   1.12000000e-02 
 5   3.60000000e-05   5.32972000e-06   1.63000000e-02 
 5   3.71000000e-05   5.69573000e-06   1.50000000e-02 
 5   6.50000000e-05   1.80600000e-05   8.40000000e-03 
 5   6.75000000e-05   1.91003000e-05   8.20000000e-03 
 5   1.01000000e-04   3.70200000e-05   5.90000000e-03 
 5   1.05000000e-04   3.94369000e-05   1.30000000e-02 
 5   1.16000000e-04   4.46721000e-05   1.17000000e-02 
 5   1.18000000e-04   4.63558000e-05   1.13000000e-02 
 5   1.88000000e-04   8.59076000e-05   8.10000000e-03 
 5   1.92000000e-04   8.79131000e-05   9.10000000e-03 
 5   2.25000000e-03   6.91756000e-04   4.90000000e-03 
 5   3.74000000e-03   9.28144000e-04   5.90000000e-03 
 5   1.70000000e-02   2.05014000e-03   5.80000000e-03 
 5   2.00000000e-02   2.22236000e-03   5.20000000e-03 
 5   5.00000000e-02   3.85085000e-03   4.00000000e-03 
 5   2.00000000e-01   1.10365000e-02   3.60000000e-03 
 5   2.70000000e-01   1.44545000e-02   3.10000000e-03 
 5   3.30000000e-01   1.61336000e-02   2.80000000e-03 
 5   4.70000000e-01   1.90326000e-02   2.50000000e-03 
 5   6.00000000e-01   2.12133000e-02   2.60000000e-03 
 5   7.50000000e-01   2.27015000e-02   2.40000000e-03 
 5   8.61000000e-01   2.34783000e-02   2.40000000e-03 
 5   1.20000000e+00   2.46089000e-02   2.40000000e-03 
 5   1.50000000e+00   2.48116000e-02   2.70000000e-03 
 5   1.85000000e+00   2.43153000e-02   2.10000000e-03 
 5   3.00000000e+00   2.16204000e-02   2.60000000e-03 
 5   4.30000000e+00   1.59231000e-02   2.40000000e-03 
 5   6.43000000e+00   1.33436000e-02   2.70000000e-03 
 5   2.00000000e+01   8.14733000e-03   3.10000000e-03 
 8   6.25000000e-07   4.52580000e-19   1.00000000e+00 
 8   1.01000000e-06   0.00000000e+00   0.00000000e+00 
 8   1.08000000e-06   7.66918000e-13   9.54300000e-01 
 8   1.13000000e-06   0.00000000e+00   0.00000000e+00 
 8   5.00000000e-06   1.69074000e-11   7.53600000e-01 
 8   6.25000000e-06   2.13367000e-11   9.76600000e-01 
 8   6.50000000e-06   3.46517000e-11   9.99800000e-01 
 8   6.88000000e-06   3.78629000e-12   8.56700000e-01 
 8   7.00000000e-06   6.40782000e-11   9.73800000e-01 
 8   2.05000000e-05   1.66546000e-11   3.78000000e-02 
 8   2.12000000e-05   2.04184000e-11   3.49000000e-02 
 8   2.18000000e-05   2.38747000e-11   3.08000000e-02 
 8   3.60000000e-05   1.98685000e-10   8.24000000e-02 
 8   3.71000000e-05   2.15465000e-10   6.68000000e-02 
 8   6.50000000e-05   1.52254000e-09   2.56000000e-02 
 8   6.75000000e-05   1.67507000e-09   2.47000000e-02 
 8   1.01000000e-04   5.34924000e-09   1.42000000e-02 
 8   1.05000000e-04   5.72425000e-09   6.14000000e-02 
 8   1.16000000e-04   7.38667000e-09   4.83000000e-02 
 8   1.18000000e-04   7.69193000e-09   5.16000000e-02 
 8   1.88000000e-04   2.25077000e-08   3.07000000e-02 
 8   1.92000000e-04   2.30950000e-08   2.74000000e-02 
 8   2.25000000e-03   9.69708000e-07   1.37000000e-02 
 8   3.74000000e-03   1.71378000e-06   2.11000000e-02 
 8   1.70000000e-02   8.09768000e-06   2.13000000e-02 
 8   2.00000000e-02   9.66212000e-06   1.82000000e-02 
 8   5.00000000e-02   3.11601000e-05   1.14000000e-02 
 8   2.00000000e-01   3.67315000e-04   6.80000000e-03 
 8   2.70000000e-01   6.62828000e-04   8.80000000e-03 
 8   3.30000000e-01   9.67975000e-04   4.30000000e-03 
 8   4.70000000e-01   1.75718000e-03   4.90000000e-03 
 8   6.00000000e-01   2.56181000e-03   4.20000000e-03 
 8   7.50000000e-01   3.48417000e-03   3.50000000e-03 
 8   8.61000000e-01   4.16266000e-03   3.30000000e-03 
 8   1.20000000e+00   5.89884000e-03   3.90000000e-03 
 8   1.50000000e+00   7.05110000e-03   3.40000000e-03 
 8   1.85000000e+00   8.02964000e-03   3.70000000e-03 
 8   3.00000000e+00   9.69754000e-03   3.10000000e-03 
 8   4.30000000e+00   7.75812000e-03   5.00000000e-03 
 8   6.43000000e+00   8.43926000e-03   1.91000000e-02 
 8   2.00000000e+01   5.89964000e-03   3.80000000e-03 
