 0   1.00000000e-08   7.30790000e-02   2.00000000e-03 
 0   2.51200000e-08   7.22470000e-02   2.00000000e-03 
 0   6.31000000e-08   6.98440000e-02   2.00000000e-03 
 0   1.00000000e-07   6.75910000e-02   2.00000000e-03 
 0   2.51200000e-07   6.01820000e-02   2.00000000e-03 
 0   1.00000000e-06   4.37250000e-02   1.00000000e-03 
 0   1.00000000e-05   1.87520000e-02   8.00000000e-04 
 0   1.00000000e-04   6.58330000e-03   7.00000000e-04 
 0   1.00000000e-03   2.14990000e-03   6.00000000e-04 
 0   1.00000000e-02   6.94080000e-04   6.00000000e-04 
 0   2.51200000e-02   4.49620000e-04   6.00000000e-04 
 0   3.98100000e-02   3.57320000e-04   7.00000000e-04 
 0   6.31000000e-02   3.15090000e-04   6.00000000e-04 
 0   1.00000000e-01   2.96480000e-04   6.00000000e-04 
 0   1.58500000e-01   4.14760000e-04   8.00000000e-04 
 0   2.51200000e-01   1.38380000e-03   6.00000000e-04 
 0   3.98100000e-01   2.66620000e-04   7.00000000e-04 
 0   6.31000000e-01   1.40070000e-04   7.00000000e-04 
 0   1.00000000e+00   1.10410000e-04   7.00000000e-04 
 0   1.58500000e+00   1.01900000e-04   7.00000000e-04 
 0   2.51200000e+00   9.01530000e-05   7.00000000e-04 
 0   3.98100000e+00   5.17230000e-05   1.00000000e-03 
 0   6.31000000e+00   3.07920000e-05   1.00000000e-03 
 0   1.00000000e+01   1.90010000e-05   3.00000000e-03 
 0   1.58500000e+01   1.22170000e-05   4.00000000e-03 
 0   2.51200000e+01   8.76540000e-06   6.00000000e-03 
 2   1.00000000e-08   3.99070000e-02   9.60000000e-03 
 2   2.51200000e-08   5.05020000e-02   8.60000000e-03 
 2   6.31000000e-08   6.78000000e-02   7.50000000e-03 
 2   1.00000000e-07   8.08720000e-02   6.90000000e-03 
 2   2.51200000e-07   9.97500000e-02   6.20000000e-03 
 2   1.00000000e-06   1.13460000e-01   5.80000000e-03 
 2   1.00000000e-05   1.01420000e-01   6.00000000e-03 
 2   1.00000000e-04   7.58040000e-02   6.80000000e-03 
 2   1.00000000e-03   5.15650000e-02   8.20000000e-03 
 2   1.00000000e-02   3.36840000e-02   1.01000000e-02 
 2   2.51200000e-02   2.81960000e-02   1.10000000e-02 
 2   3.98100000e-02   2.49870000e-02   1.16000000e-02 
 2   6.31000000e-02   2.25380000e-02   1.23000000e-02 
 2   1.00000000e-01   1.97280000e-02   1.32000000e-02 
 2   1.58500000e-01   1.61450000e-02   1.44000000e-02 
 2   2.51200000e-01   1.40910000e-02   1.52000000e-02 
 2   3.98100000e-01   1.07820000e-02   1.76000000e-02 
 2   6.31000000e-01   7.54780000e-03   2.07000000e-02 
 2   1.00000000e+00   5.14320000e-03   2.51000000e-02 
 2   1.58500000e+00   3.42050000e-03   3.07000000e-02 
 2   2.51200000e+00   2.02970000e-03   3.96000000e-02 
 2   3.98100000e+00   1.20990000e-03   3.66000000e-02 
 2   6.31000000e+00   7.41140000e-04   4.60000000e-02 
 2   1.00000000e+01   3.64050000e-04   6.51000000e-02 
 2   1.58500000e+01   2.42330000e-04   8.26000000e-02 
 2   2.51200000e+01   1.22060000e-04   1.07400000e-01 
 3   1.00000000e-08   3.01200000e-02   1.82000000e-02 
 3   2.51200000e-08   3.79380000e-02   1.64000000e-02 
 3   6.31000000e-08   4.99110000e-02   1.45000000e-02 
 3   1.00000000e-07   6.29560000e-02   1.29000000e-02 
 3   2.51200000e-07   8.37960000e-02   1.14000000e-02 
 3   1.00000000e-06   1.11990000e-01   9.90000000e-03 
 3   1.00000000e-05   1.26410000e-01   9.40000000e-03 
 3   1.00000000e-04   1.20230000e-01   9.70000000e-03 
 3   1.00000000e-03   1.03740000e-01   1.04000000e-02 
 3   1.00000000e-02   8.64710000e-02   1.14000000e-02 
 3   2.51200000e-02   7.94560000e-02   1.17000000e-02 
 3   3.98100000e-02   7.47740000e-02   1.21000000e-02 
 3   6.31000000e-02   7.34170000e-02   1.23000000e-02 
 3   1.00000000e-01   6.86000000e-02   1.27000000e-02 
 3   1.58500000e-01   6.45640000e-02   1.30000000e-02 
 3   2.51200000e-01   5.80570000e-02   1.36000000e-02 
 3   3.98100000e-01   4.85880000e-02   1.49000000e-02 
 3   6.31000000e-01   4.20330000e-02   1.61000000e-02 
 3   1.00000000e+00   3.11600000e-02   1.87000000e-02 
 3   1.58500000e+00   2.25270000e-02   2.20000000e-02 
 3   2.51200000e+00   1.48350000e-02   2.71000000e-02 
 3   3.98100000e+00   9.30050000e-03   3.43000000e-02 
 3   6.31000000e+00   5.83990000e-03   4.22000000e-02 
 3   1.00000000e+01   3.27960000e-03   5.75000000e-02 
 3   1.58500000e+01   2.13040000e-03   7.13000000e-02 
 3   2.51200000e+01   9.86770000e-04   9.97000000e-02 
 5   1.00000000e-08   1.44660000e-02   2.64000000e-02 
 5   2.51200000e-08   1.88540000e-02   2.37000000e-02 
 5   6.31000000e-08   2.42790000e-02   2.10000000e-02 
 5   1.00000000e-07   3.08060000e-02   1.89000000e-02 
 5   2.51200000e-07   4.11070000e-02   1.64000000e-02 
 5   1.00000000e-06   5.83390000e-02   1.43000000e-02 
 5   1.00000000e-05   7.98360000e-02   1.26000000e-02 
 5   1.00000000e-04   9.10610000e-02   1.21000000e-02 
 5   1.00000000e-03   9.68190000e-02   1.17000000e-02 
 5   1.00000000e-02   1.02630000e-01   1.16000000e-02 
 5   2.51200000e-02   1.06420000e-01   1.14000000e-02 
 5   3.98100000e-02   1.06070000e-01   1.14000000e-02 
 5   6.31000000e-02   1.10090000e-01   1.12000000e-02 
 5   1.00000000e-01   1.11240000e-01   1.11000000e-02 
 5   1.58500000e-01   1.16600000e-01   1.09000000e-02 
 5   2.51200000e-01   1.17930000e-01   1.08000000e-02 
 5   3.98100000e-01   1.22070000e-01   1.07000000e-02 
 5   6.31000000e-01   1.16860000e-01   1.10000000e-02 
 5   1.00000000e+00   1.07520000e-01   1.14000000e-02 
 5   1.58500000e+00   9.48730000e-02   1.22000000e-02 
 5   2.51200000e+00   7.27850000e-02   1.38000000e-02 
 5   3.98100000e+00   5.24160000e-02   1.27000000e-02 
 5   6.31000000e+00   3.79530000e-02   1.49000000e-02 
 5   1.00000000e+01   2.21520000e-02   1.93000000e-02 
 5   1.58500000e+01   1.62550000e-02   2.26000000e-02 
 5   2.51200000e+01   8.03510000e-03   3.12000000e-02 
 8   1.00000000e-08   3.90990000e-03   2.93000000e-02 
 8   2.51200000e-08   4.87710000e-03   2.62000000e-02 
 8   6.31000000e-08   6.67520000e-03   2.29000000e-02 
 8   1.00000000e-07   7.85520000e-03   2.08000000e-02 
 8   2.51200000e-07   1.06670000e-02   1.78000000e-02 
 8   1.00000000e-06   1.53370000e-02   1.52000000e-02 
 8   1.00000000e-05   2.16620000e-02   1.31000000e-02 
 8   1.00000000e-04   2.64790000e-02   1.21000000e-02 
 8   1.00000000e-03   3.09600000e-02   1.15000000e-02 
 8   1.00000000e-02   3.70880000e-02   1.07000000e-02 
 8   2.51200000e-02   4.13690000e-02   1.05000000e-02 
 8   3.98100000e-02   4.31480000e-02   1.03000000e-02 
 8   6.31000000e-02   4.76230000e-02   9.80000000e-03 
 8   1.00000000e-01   5.16740000e-02   9.50000000e-03 
 8   1.58500000e-01   5.94820000e-02   9.00000000e-03 
 8   2.51200000e-01   6.96330000e-02   8.40000000e-03 
 8   3.98100000e-01   8.38380000e-02   7.80000000e-03 
 8   6.31000000e-01   9.91730000e-02   7.20000000e-03 
 8   1.00000000e+00   1.13640000e-01   6.80000000e-03 
 8   1.58500000e+00   1.19490000e-01   6.60000000e-03 
 8   2.51200000e+00   1.16280000e-01   6.70000000e-03 
 8   3.98100000e+00   9.95240000e-02   7.30000000e-03 
 8   6.31000000e+00   8.16820000e-02   8.00000000e-03 
 8   1.00000000e+01   5.67140000e-02   1.32000000e-02 
 8   1.58500000e+01   4.32350000e-02   1.53000000e-02 
 8   2.51200000e+01   2.54720000e-02   1.97000000e-02 
10   1.00000000e-08   1.50280000e-03   2.87000000e-02 
10   2.51200000e-08   1.75800000e-03   2.58000000e-02 
10   6.31000000e-08   2.45780000e-03   2.23000000e-02 
10   1.00000000e-07   3.01840000e-03   2.03000000e-02 
10   2.51200000e-07   4.14870000e-03   1.74000000e-02 
10   1.00000000e-06   5.83630000e-03   1.48000000e-02 
10   1.00000000e-05   8.15760000e-03   1.26000000e-02 
10   1.00000000e-04   1.01710000e-02   1.16000000e-02 
10   1.00000000e-03   1.19850000e-02   1.08000000e-02 
10   1.00000000e-02   1.47790000e-02   1.00000000e-02 
10   2.51200000e-02   1.64930000e-02   9.60000000e-03 
10   3.98100000e-02   1.73570000e-02   9.40000000e-03 
10   6.31000000e-02   1.91290000e-02   9.10000000e-03 
10   1.00000000e-01   2.17650000e-02   8.70000000e-03 
10   1.58500000e-01   2.58660000e-02   8.10000000e-03 
10   2.51200000e-01   3.23950000e-02   7.40000000e-03 
10   3.98100000e-01   4.27310000e-02   6.70000000e-03 
10   6.31000000e-01   5.74640000e-02   6.00000000e-03 
10   1.00000000e+00   7.58530000e-02   5.40000000e-03 
10   1.58500000e+00   9.37160000e-02   4.90000000e-03 
10   2.51200000e+00   1.03800000e-01   4.70000000e-03 
10   3.98100000e+00   9.73790000e-02   6.70000000e-03 
10   6.31000000e+00   8.75360000e-02   7.00000000e-03 
10   1.00000000e+01   6.88120000e-02   1.31000000e-02 
10   1.58500000e+01   5.52680000e-02   1.46000000e-02 
10   2.51200000e+01   3.51160000e-02   1.84000000e-02 
12   1.00000000e-08   5.40370000e-04   3.07000000e-02 
12   2.51200000e-08   6.39440000e-04   2.86000000e-02 
12   6.31000000e-08   9.20140000e-04   2.43000000e-02 
12   1.00000000e-07   1.12430000e-03   2.23000000e-02 
12   2.51200000e-07   1.52830000e-03   1.90000000e-02 
12   1.00000000e-06   2.14130000e-03   1.60000000e-02 
12   1.00000000e-05   2.86370000e-03   1.38000000e-02 
12   1.00000000e-04   3.68820000e-03   1.24000000e-02 
12   1.00000000e-03   4.44210000e-03   1.15000000e-02 
12   1.00000000e-02   5.33340000e-03   1.07000000e-02 
12   2.51200000e-02   5.95170000e-03   1.02000000e-02 
12   3.98100000e-02   6.39760000e-03   1.00000000e-02 
12   6.31000000e-02   7.15120000e-03   9.60000000e-03 
12   1.00000000e-01   8.15860000e-03   9.00000000e-03 
12   1.58500000e-01   9.98850000e-03   8.40000000e-03 
12   2.51200000e-01   1.30560000e-02   7.70000000e-03 
12   3.98100000e-01   1.85670000e-02   6.80000000e-03 
12   6.31000000e-01   2.75750000e-02   6.00000000e-03 
12   1.00000000e+00   4.22290000e-02   5.10000000e-03 
12   1.58500000e+00   6.13780000e-02   4.50000000e-03 
12   2.51200000e+00   7.81720000e-02   4.10000000e-03 
12   3.98100000e+00   8.31290000e-02   7.50000000e-03 
12   6.31000000e+00   8.29100000e-02   7.40000000e-03 
12   1.00000000e+01   7.39220000e-02   1.48000000e-02 
12   1.58500000e+01   6.02330000e-02   1.62000000e-02 
12   2.51200000e+01   3.96870000e-02   1.90000000e-02 
