 0   1.00000000e-08   5.16804000e+02   5.00000000e-04 
 0   2.51200000e-08   5.11424000e+02   5.00000000e-04 
 0   6.31000000e-08   4.94792000e+02   5.00000000e-04 
 0   1.00000000e-07   4.78887000e+02   5.00000000e-04 
 0   2.51200000e-07   4.26684000e+02   4.00000000e-04 
 0   1.00000000e-06   3.09830000e+02   4.00000000e-04 
 0   1.00000000e-05   1.32939000e+02   3.00000000e-04 
 0   1.00000000e-04   4.66934000e+01   3.00000000e-04 
 0   1.00000000e-03   1.52599000e+01   3.00000000e-04 
 0   1.00000000e-02   4.93692000e+00   4.00000000e-04 
 0   2.51200000e-02   3.20484000e+00   3.00000000e-04 
 0   3.98100000e-02   2.46653000e+00   7.00000000e-04 
 0   6.31000000e-02   2.23695000e+00   5.00000000e-04 
 0   1.00000000e-01   2.06288000e+00   6.00000000e-04 
 0   1.58500000e-01   2.69203000e+00   7.00000000e-04 
 0   2.51200000e-01   9.76009000e+00   3.00000000e-04 
 0   3.98100000e-01   1.87717000e+00   4.00000000e-04 
 0   6.31000000e-01   9.80787000e-01   5.00000000e-04 
 0   1.00000000e+00   7.78969000e-01   6.00000000e-04 
 0   1.58500000e+00   7.16273000e-01   4.00000000e-04 
 0   2.51200000e+00   6.32082000e-01   4.00000000e-04 
 0   3.98100000e+00   3.65172000e-01   4.00000000e-04 
 0   6.31000000e+00   2.18011000e-01   5.00000000e-04 
 0   1.00000000e+01   1.34270000e-01   9.00000000e-04 
 0   1.58500000e+01   8.66254000e-02   1.30000000e-03 
 0   2.51200000e+01   6.24608000e-02   1.90000000e-03 
 2   1.00000000e-08   2.07902000e+00   9.80000000e-03 
 2   2.51200000e-08   2.62057000e+00   8.80000000e-03 
 2   6.31000000e-08   3.50990000e+00   7.70000000e-03 
 2   1.00000000e-07   4.30240000e+00   7.00000000e-03 
 2   2.51200000e-07   5.37673000e+00   6.30000000e-03 
 2   1.00000000e-06   6.17349000e+00   5.80000000e-03 
 2   1.00000000e-05   5.64599000e+00   6.00000000e-03 
 2   1.00000000e-04   4.25101000e+00   6.80000000e-03 
 2   1.00000000e-03   2.93531000e+00   8.10000000e-03 
 2   1.00000000e-02   1.99780000e+00   9.80000000e-03 
 2   2.51200000e-02   1.65824000e+00   1.07000000e-02 
 2   3.98100000e-02   1.47996000e+00   1.13000000e-02 
 2   6.31000000e-02   1.30787000e+00   1.20000000e-02 
 2   1.00000000e-01   1.17797000e+00   1.27000000e-02 
 2   1.58500000e-01   9.81218000e-01   1.38000000e-02 
 2   2.51200000e-01   8.14113000e-01   1.49000000e-02 
 2   3.98100000e-01   6.25611000e-01   1.71000000e-02 
 2   6.31000000e-01   4.74788000e-01   1.98000000e-02 
 2   1.00000000e+00   3.16606000e-01   2.40000000e-02 
 2   1.58500000e+00   2.02082000e-01   3.00000000e-02 
 2   2.51200000e+00   1.26644000e-01   3.79000000e-02 
 2   3.98100000e+00   7.65980000e-02   4.82000000e-02 
 2   6.31000000e+00   5.03674000e-02   5.97000000e-02 
 2   1.00000000e+01   2.14094000e-02   8.66000000e-02 
 2   1.58500000e+01   1.58629000e-02   1.02500000e-01 
 2   2.51200000e+01   1.06524000e-02   1.28900000e-01 
 3   1.00000000e-08   6.99925000e-01   1.53000000e-02 
 3   2.51200000e-08   8.83415000e-01   1.37000000e-02 
 3   6.31000000e-08   1.19895000e+00   1.20000000e-02 
 3   1.00000000e-07   1.50790000e+00   1.08000000e-02 
 3   2.51200000e-07   2.03704000e+00   9.40000000e-03 
 3   1.00000000e-06   2.61845000e+00   8.40000000e-03 
 3   1.00000000e-05   3.04161000e+00   7.90000000e-03 
 3   1.00000000e-04   2.90470000e+00   8.10000000e-03 
 3   1.00000000e-03   2.54121000e+00   8.60000000e-03 
 3   1.00000000e-02   2.08251000e+00   9.50000000e-03 
 3   2.51200000e-02   1.95373000e+00   9.80000000e-03 
 3   3.98100000e-02   1.88941000e+00   1.00000000e-02 
 3   6.31000000e-02   1.78630000e+00   1.03000000e-02 
 3   1.00000000e-01   1.66158000e+00   1.06000000e-02 
 3   1.58500000e-01   1.54808000e+00   1.10000000e-02 
 3   2.51200000e-01   1.40525000e+00   1.15000000e-02 
 3   3.98100000e-01   1.20994000e+00   1.24000000e-02 
 3   6.31000000e-01   1.01094000e+00   1.35000000e-02 
 3   1.00000000e+00   7.73886000e-01   1.55000000e-02 
 3   1.58500000e+00   5.54520000e-01   1.84000000e-02 
 3   2.51200000e+00   3.73344000e-01   2.24000000e-02 
 3   3.98100000e+00   2.30343000e-01   2.83000000e-02 
 3   6.31000000e+00   1.49243000e-01   3.52000000e-02 
 3   1.00000000e+01   8.13442000e-02   4.80000000e-02 
 3   1.58500000e+01   5.21529000e-02   5.80000000e-02 
 3   2.51200000e+01   3.62262000e-02   6.91000000e-02 
 5   1.00000000e-08   1.32189000e-01   2.95000000e-02 
 5   2.51200000e-08   1.56942000e-01   2.74000000e-02 
 5   6.31000000e-08   2.04512000e-01   2.42000000e-02 
 5   1.00000000e-07   2.63500000e-01   2.14000000e-02 
 5   2.51200000e-07   3.51004000e-01   1.89000000e-02 
 5   1.00000000e-06   5.15769000e-01   1.61000000e-02 
 5   1.00000000e-05   6.98708000e-01   1.43000000e-02 
 5   1.00000000e-04   7.78081000e-01   1.39000000e-02 
 5   1.00000000e-03   8.58497000e-01   1.35000000e-02 
 5   1.00000000e-02   8.93125000e-01   1.33000000e-02 
 5   2.51200000e-02   9.28262000e-01   1.32000000e-02 
 5   3.98100000e-02   9.49921000e-01   1.30000000e-02 
 5   6.31000000e-02   9.42343000e-01   1.31000000e-02 
 5   1.00000000e-01   9.93774000e-01   1.28000000e-02 
 5   1.58500000e-01   1.01235000e+00   1.27000000e-02 
 5   2.51200000e-01   1.04596000e+00   1.26000000e-02 
 5   3.98100000e-01   1.06593000e+00   1.25000000e-02 
 5   6.31000000e-01   1.01627000e+00   1.28000000e-02 
 5   1.00000000e+00   9.26473000e-01   1.34000000e-02 
 5   1.58500000e+00   8.15198000e-01   1.43000000e-02 
 5   2.51200000e+00   6.50515000e-01   1.61000000e-02 
 5   3.98100000e+00   4.66551000e-01   1.91000000e-02 
 5   6.31000000e+00   3.20046000e-01   2.29000000e-02 
 5   1.00000000e+01   1.84630000e-01   2.95000000e-02 
 5   1.58500000e+01   1.38207000e-01   3.46000000e-02 
 5   2.51200000e+01   8.22449000e-02   4.37000000e-02 
 8   1.00000000e-08   1.29906000e-02   4.23000000e-02 
 8   2.51200000e-08   1.64233000e-02   3.75000000e-02 
 8   6.31000000e-08   2.09158000e-02   3.33000000e-02 
 8   1.00000000e-07   2.70071000e-02   2.97000000e-02 
 8   2.51200000e-07   3.49731000e-02   2.60000000e-02 
 8   1.00000000e-06   5.52787000e-02   2.12000000e-02 
 8   1.00000000e-05   7.31090000e-02   1.87000000e-02 
 8   1.00000000e-04   8.96385000e-02   1.73000000e-02 
 8   1.00000000e-03   1.12325000e-01   1.59000000e-02 
 8   1.00000000e-02   1.24840000e-01   1.55000000e-02 
 8   2.51200000e-02   1.40997000e-01   1.47000000e-02 
 8   3.98100000e-02   1.46598000e-01   1.45000000e-02 
 8   6.31000000e-02   1.60954000e-01   1.39000000e-02 
 8   1.00000000e-01   1.81778000e-01   1.34000000e-02 
 8   1.58500000e-01   2.07715000e-01   1.26000000e-02 
 8   2.51200000e-01   2.32587000e-01   1.21000000e-02 
 8   3.98100000e-01   2.84758000e-01   1.11000000e-02 
 8   6.31000000e-01   3.39343000e-01   1.03000000e-02 
 8   1.00000000e+00   3.92664000e-01   9.70000000e-03 
 8   1.58500000e+00   4.18001000e-01   9.40000000e-03 
 8   2.51200000e+00   3.94381000e-01   9.70000000e-03 
 8   3.98100000e+00   3.39166000e-01   1.05000000e-02 
 8   6.31000000e+00   2.72588000e-01   1.18000000e-02 
 8   1.00000000e+01   1.97087000e-01   1.36000000e-02 
 8   1.58500000e+01   1.42310000e-01   1.61000000e-02 
 8   2.51200000e+01   9.87925000e-02   1.90000000e-02 
10   1.00000000e-08   3.36002000e-03   3.70000000e-02 
10   2.51200000e-08   4.12807000e-03   3.31000000e-02 
10   6.31000000e-08   5.35684000e-03   2.93000000e-02 
10   1.00000000e-07   6.61668000e-03   2.64000000e-02 
10   2.51200000e-07   9.31275000e-03   2.22000000e-02 
10   1.00000000e-06   1.32600000e-02   1.88000000e-02 
10   1.00000000e-05   1.74123000e-02   1.63000000e-02 
10   1.00000000e-04   2.20529000e-02   1.47000000e-02 
10   1.00000000e-03   2.64991000e-02   1.37000000e-02 
10   1.00000000e-02   3.28741000e-02   1.26000000e-02 
10   2.51200000e-02   3.55671000e-02   1.21000000e-02 
10   3.98100000e-02   3.78433000e-02   1.19000000e-02 
10   6.31000000e-02   4.23113000e-02   1.14000000e-02 
10   1.00000000e-01   4.76376000e-02   1.08000000e-02 
10   1.58500000e-01   5.80053000e-02   9.90000000e-03 
10   2.51200000e-01   7.15676000e-02   9.20000000e-03 
10   3.98100000e-01   9.38021000e-02   8.20000000e-03 
10   6.31000000e-01   1.26267000e-01   7.20000000e-03 
10   1.00000000e+00   1.66453000e-01   6.40000000e-03 
10   1.58500000e+00   2.06598000e-01   5.80000000e-03 
10   2.51200000e+00   2.23509000e-01   5.70000000e-03 
10   3.98100000e+00   2.13691000e-01   5.80000000e-03 
10   6.31000000e+00   1.92334000e-01   6.20000000e-03 
10   1.00000000e+01   1.51326000e-01   6.80000000e-03 
10   1.58500000e+01   1.15617000e-01   7.90000000e-03 
10   2.51200000e+01   8.38516000e-02   9.10000000e-03 
12   1.00000000e-08   7.56794000e-04   7.62000000e-02 
12   2.51200000e-08   1.03129000e-03   6.68000000e-02 
12   6.31000000e-08   1.46316000e-03   5.55000000e-02 
12   1.00000000e-07   1.86415000e-03   4.94000000e-02 
12   2.51200000e-07   2.46617000e-03   4.32000000e-02 
12   1.00000000e-06   3.44139000e-03   3.68000000e-02 
12   1.00000000e-05   4.44155000e-03   3.24000000e-02 
12   1.00000000e-04   5.68233000e-03   2.84000000e-02 
12   1.00000000e-03   6.86059000e-03   2.61000000e-02 
12   1.00000000e-02   8.26572000e-03   2.40000000e-02 
12   2.51200000e-02   9.28695000e-03   2.29000000e-02 
12   3.98100000e-02   9.89135000e-03   2.22000000e-02 
12   6.31000000e-02   1.05816000e-02   2.14000000e-02 
12   1.00000000e-01   1.28807000e-02   1.97000000e-02 
12   1.58500000e-01   1.57675000e-02   1.80000000e-02 
12   2.51200000e-01   2.01094000e-02   1.64000000e-02 
12   3.98100000e-01   2.86221000e-02   1.40000000e-02 
12   6.31000000e-01   4.31185000e-02   1.19000000e-02 
12   1.00000000e+00   6.47651000e-02   1.00000000e-02 
12   1.58500000e+00   9.52788000e-02   8.50000000e-03 
12   2.51200000e+00   1.19921000e-01   7.70000000e-03 
12   3.98100000e+00   1.26207000e-01   7.50000000e-03 
12   6.31000000e+00   1.23105000e-01   7.60000000e-03 
12   1.00000000e+01   1.13130000e-01   7.90000000e-03 
12   1.58500000e+01   8.75864000e-02   8.90000000e-03 
12   2.51200000e+01   6.69233000e-02   1.02000000e-02 
