7.3079E-02  0.002
7.2247E-02  0.002
6.9844E-02  0.002
6.7591E-02  0.002
6.0182E-02  0.002
4.3725E-02  0.001
1.8752E-02  8E-04
6.5833E-03  7E-04
2.1499E-03  6E-04
6.9408E-04  6E-04
4.4962E-04  6E-04
3.5732E-04  7E-04
3.1509E-04  6E-04
2.9648E-04  6E-04
4.1476E-04  8E-04
1.3838E-03  6E-04
2.6662E-04  7E-04
1.4007E-04  7E-04
1.1041E-04  7E-04
1.0190E-04  7E-04
9.0153E-05  7E-04
5.1723E-05  0.001
3.0792E-05  0.001
1.9001E-05  0.003
1.2217E-05  0.004
8.7654E-06  0.006
3.9907E-02  0.0096
5.0502E-02  0.0086
6.7800E-02  0.0075
8.0872E-02  0.0069
9.9750E-02  0.0062
1.1346E-01  0.0058
1.0142E-01  0.0060
7.5804E-02  0.0068
5.1565E-02  0.0082
3.3684E-02  0.0101
2.8196E-02  0.0110
2.4987E-02  0.0116
2.2538E-02  0.0123
1.9728E-02  0.0132
1.6145E-02  0.0144
1.4091E-02  0.0152
1.0782E-02  0.0176
7.5478E-03  0.0207
5.1432E-03  0.0251
3.4205E-03  0.0307
2.0297E-03  0.0396
1.2099E-03  0.0366
7.4114E-04  0.0460
3.6405E-04  0.0651
2.4233E-04  0.0826
1.2206E-04  0.1074
3.0120E-02  0.0182
3.7938E-02  0.0164
4.9911E-02  0.0145
6.2956E-02  0.0129
8.3796E-02  0.0114
1.1199E-01  0.0099
1.2641E-01  0.0094
1.2023E-01  0.0097
1.0374E-01  0.0104
8.6471E-02  0.0114
7.9456E-02  0.0117
7.4774E-02  0.0121
7.3417E-02  0.0123
6.8600E-02  0.0127
6.4564E-02  0.013
5.8057E-02  0.0136
4.8588E-02  0.0149
4.2033E-02  0.0161
3.1160E-02  0.0187
2.2527E-02  0.022
1.4835E-02  0.0271
9.3005E-03  0.0343
5.8399E-03  0.0422
3.2796E-03  0.0575
2.1304E-03  0.0713
9.8677E-04  0.0997
1.4466E-02  0.0264
1.8854E-02  0.0237
2.4279E-02  0.021
3.0806E-02  0.0189
4.1107E-02  0.0164
5.8339E-02  0.0143
7.9836E-02  0.0126
9.1061E-02  0.0121
9.6819E-02  0.0117
1.0263E-01  0.0116
1.0642E-01  0.0114
1.0607E-01  0.0114
1.1009E-01  0.0112
1.1124E-01  0.0111
1.1660E-01  0.0109
1.1793E-01  0.0108
1.2207E-01  0.0107
1.1686E-01  0.011
1.0752E-01  0.0114
9.4873E-02  0.0122
7.2785E-02  0.0138
5.2416E-02  0.0127
3.7953E-02  0.0149
2.2152E-02  0.0193
1.6255E-02  0.0226
8.0351E-03  0.0312
3.9099E-03  0.0293
4.8771E-03  0.0262
6.6752E-03  0.0229
7.8552E-03  0.0208
1.0667E-02  0.0178
1.5337E-02  0.0152
2.1662E-02  0.0131
2.6479E-02  0.0121
3.0960E-02  0.0115
3.7088E-02  0.0107
4.1369E-02  0.0105
4.3148E-02  0.0103
4.7623E-02  0.0098
5.1674E-02  0.0095
5.9482E-02  0.009
6.9633E-02  0.0084
8.3838E-02  0.0078
9.9173E-02  0.0072
1.1364E-01  0.0068
1.1949E-01  0.0066
1.1628E-01  0.0067
9.9524E-02  0.0073
8.1682E-02  0.008
5.6714E-02  0.0132
4.3235E-02  0.0153
2.5472E-02  0.0197
1.5028E-03  0.0287
1.7580E-03  0.0258
2.4578E-03  0.0223
3.0184E-03  0.0203
4.1487E-03  0.0174
5.8363E-03  0.0148
8.1576E-03  0.0126
1.0171E-02  0.0116
1.1985E-02  0.0108
1.4779E-02  0.01
1.6493E-02  0.0096
1.7357E-02  0.0094
1.9129E-02  0.0091
2.1765E-02  0.0087
2.5866E-02  0.0081
3.2395E-02  0.0074
4.2731E-02  0.0067
5.7464E-02  0.006
7.5853E-02  0.0054
9.3716E-02  0.0049
1.0380E-01  0.0047
9.7379E-02  0.0067
8.7536E-02  0.007
6.8812E-02  0.0131
5.5268E-02  0.0146
3.5116E-02  0.0184
5.4037E-04  0.0307
6.3944E-04  0.0286
9.2014E-04  0.0243
1.1243E-03  0.0223
1.5283E-03  0.019
2.1413E-03  0.016
2.8637E-03  0.0138
3.6882E-03  0.0124
4.4421E-03  0.0115
5.3334E-03  0.0107
5.9517E-03  0.0102
6.3976E-03  0.01
7.1512E-03  0.0096
8.1586E-03  0.009
9.9885E-03  0.0084
1.3056E-02  0.0077
1.8567E-02  0.0068
2.7575E-02  0.006
4.2229E-02  0.0051
6.1378E-02  0.0045
7.8172E-02  0.0041
8.3129E-02  0.0075
8.2910E-02  0.0074
7.3922E-02  0.0148
6.0233E-02  0.0162
3.9687E-02  0.019
